plan_id,plan_name,rep_name,tdu_area,rate_type,term_months,price_kwh_500,price_kwh_1000,price_kwh_2000,base_charge_monthly,early_termination_fee,renewable_pct,is_prepaid,is_tou,special_terms,efl_url,enrollment_url
11677,Smart Simple 36,CIRRO ENERGY,AEP_CENTRAL,FIXED,36,16.1,15.7,15.6,0.0,395.0,24,False,False,"Paperless eBill and Bill Alert Options ::: 24/7 Local Customer Service ::: NO FEES for VISA, DISCOVER & MC::: Easy Online Account Access ::: This offer is for new customers only",https://www.cirroenergy.com/defl/M1F00175410859B.pdf,https://www.cirroenergy.com/lp/ptcZipCodeSearch?tdsp_code=D0004&promo_code=WA198B&txtPromocode=WA198B&fromLP=ptc&sid=APTC_1685677096&utm_campaign=Power+To+Choose+Listings&utm_medium=PTC_&utm_source=None
11682,Smart Simple 12,CIRRO ENERGY,AEP_CENTRAL,FIXED,12,15.8,15.4,15.299999999999999,0.0,150.0,24,False,False,"Paperless eBill and Bill Alert Options ::: 24/7 Local Customer Service ::: NO FEES for VISA, DISCOVER & MC::: Easy Online Account Access ::: This offer is for new customers only",https://www.cirroenergy.com/defl/M1F00175410791B.pdf,https://www.cirroenergy.com/lp/ptcZipCodeSearch?tdsp_code=D0004&promo_code=WA198B&txtPromocode=WA198B&fromLP=ptc&sid=APTC_1685677096&utm_campaign=Power+To+Choose+Listings&utm_medium=PTC_&utm_source=None
12406,12 Month Usage Bill Credit,CONSTELLATION NEWENERGY INC,AEP_CENTRAL,FIXED,12,17.5,13.700000000000001,14.6,0.0,150.0,26,False,False,,https://www.constellation.com/bin/residential/GetContractVersionPDF?versionNum=4906247,https://www.constellation.com/content/constellation/en/campaigns/powertochoose.html?UTM_source=powertochoose.org&UTM_medium=referral
13192,Champ Saver-16,CHAMPION ENERGY SERVICES LLC,AEP_CENTRAL,FIXED,16,15.2,14.899999999999999,14.7,0.0,250.0,26,False,False,,https://docs.championenergyservices.com/ExternalDocs?planname=PN2409&state=TX&language=EN,https://www.championenergyservices.com/Residential/Sign-Up?promo=powertochoose
16521,Champ Saver-12,CHAMPION ENERGY SERVICES LLC,AEP_CENTRAL,FIXED,12,15.5,15.2,15.0,0.0,150.0,26,False,False,,https://docs.championenergyservices.com/ExternalDocs?planname=PN2413&state=TX&language=EN,https://www.championenergyservices.com/Residential/Sign-Up?promo=powertochoose
16523,Champ Saver-24,CHAMPION ENERGY SERVICES LLC,AEP_CENTRAL,FIXED,24,15.8,15.5,15.299999999999999,0.0,250.0,26,False,False,,https://docs.championenergyservices.com/ExternalDocs?planname=PN2418&state=TX&language=EN,https://www.championenergyservices.com/Residential/Sign-Up?promo=powertochoose
17375,Saver 12,Discount Power,AEP_CENTRAL,FIXED,12,15.7,15.299999999999999,15.2,0.0,150.0,24,False,False,"Electronic Billing and auto payment via bank draft, credit card, or debit card available. This offer is for new customers only. Enroll through Power to Choose or by using special promo code; Promo Code Required: WQ4135.",https://www.discountpowertx.com/defl/M1F00175410951B.pdf,https://shop.discountpowertx.com/offer-selection/?txtPromocode=WQ4131&tdspCode=D0004&fromLP=ptc&sid=APTC_1686090020&utm_campaign=Power+To+Choose+Listings&utm_medium=PTC_&utm_source=None
18370,Smart Simple 24,CIRRO ENERGY,AEP_CENTRAL,FIXED,24,16.0,15.6,15.5,0.0,295.0,24,False,False,"Paperless eBill and Bill Alert Options ::: 24/7 Local Customer Service ::: NO FEES for VISA, DISCOVER & MC::: Easy Online Account Access ::: This offer is for new customers only",https://www.cirroenergy.com/defl/M1F00175410811B.pdf,https://www.cirroenergy.com/lp/ptcZipCodeSearch?tdsp_code=D0004&promo_code=WA198B&txtPromocode=WA198B&fromLP=ptc&sid=APTC_1685677096&utm_campaign=Power+To+Choose+Listings&utm_medium=PTC_&utm_source=None
18540,Free Weekends-24,CHAMPION ENERGY SERVICES LLC,AEP_CENTRAL,FIXED,24,15.9,15.6,15.4,0.0,250.0,26,False,True,Free power from 12 midnight Friday night to 11:59 PM Sunday night. No monthly fee or minimum usage requirement. Indexed Solar Buyback Included.,https://docs.championenergyservices.com/ExternalDocs?planname=PN2415&state=TX&language=EN,https://www.championenergyservices.com/Residential/Sign-Up?promo=powertochoose
20174,PTC 6 Month - Prepaid,PAYLESS POWER,AEP_CENTRAL,FIXED,6,16.6,16.3,16.1,0.0,49.0,26,True,False,Fixed price for 6 months with no credit check or deposit required. A minimum first payment of $75.00 is required to connect service.,https://paylesspower.com/files/87_3_eng.pdf,https://account.paylesspower.com/enroll/487447
20175,PTC 12 Month - Prepaid,PAYLESS POWER,AEP_CENTRAL,FIXED,12,17.599999999999998,17.299999999999997,17.1,0.0,49.0,26,True,False,Fixed price for 12 months with no credit check or deposit required.  A first payment of $75.00 is required to connect service.,https://paylesspower.com/files/86_3_eng.pdf,https://account.paylesspower.com/enroll/487447
20508,TrueClassic 6,AP GAS & ELECTRIC (TX) LLC,AEP_CENTRAL,FIXED,6,12.3,12.0,11.799999999999999,0.0,150.0,6,False,False,Lock in a fixed rate plan that gives you price security for the next 6 months. Flexible. Affordable. Energy. That's APG&E!,https://artemis-api.apge.com/api/v1/document?documentId=73&offerCode=SRBTX_AEC_NA_NA_RES_FPR_SD0_T6_NEW,https://www.apge.com/enroll#/offer?offerCode=SRBTX_AEC_NA_NA_RES_FPR_SD0_T6_NEW&deploymentName=TX%20State%20Rate%20Board
21303,Saver 24,Discount Power,AEP_CENTRAL,FIXED,24,15.9,15.5,15.4,0.0,295.0,24,False,False,Facturacion electronica y pago automatico con targeta de credito / targeta de debito o cuenta bancaria. Esta oferta es solo para nuevos clientes que se inscriban a traves de Power to Choose o utilizando el codigo de promocion especial; Codigo de promocion necesario: WQ4135.,https://www.discountpowertx.com/defl/M1F00175411028B.pdf,https://shop.discountpowertx.com/offer-selection/?txtPromocode=WQ4131&tdspCode=D0004&language=es&fromLP=ptc&sid=APTC_1686090020&utm_campaign=Power+To+Choose+Listings&utm_medium=PTC_&utm_source=None
21537,Saver 36,Discount Power,AEP_CENTRAL,FIXED,36,16.0,15.6,15.5,0.0,395.0,24,False,False,Facturacion electronica y pago automatico con targeta de credito / targeta de debito o cuenta bancaria. Esta oferta es solo para nuevos clientes que se inscriban a traves de Power to Choose o utilizando el codigo de promocion especial; Codigo de promocion necesario: WQ4131.,https://www.discountpowertx.com/defl/M1F00175410924B.pdf,https://shop.discountpowertx.com/offer-selection/?txtPromocode=WQ4131&tdspCode=D0004&language=es&fromLP=ptc&sid=APTC_1686090020&utm_campaign=Power+To+Choose+Listings&utm_medium=PTC_&utm_source=None
21776,Sustainable Simply Days - 3,AMIGO ENERGY,AEP_CENTRAL,FIXED,3,11.799999999999999,11.1,10.7,0.0,175.0,31,False,True,FREE electricity from 9:00 AM to 4:00 PM daily. A one-month GoodBundle setup and carbon offset purchase of $49.99 is required to enroll. Call (866) 327-0839 to enroll!,https://webs.amigoenergy.com/Generate_Docs/Generate_EflLinks.aspx?RID=8+lYTwrvATA=&RCID=rv5fvOkFHh4=&L=6f+Ch9flI7k=,https://amigoenergy.com/lp/ptcsl/?utm_source=powertochoose&utm_medium=referral&utm_campaign=ST
21836,Champ Saver-6,CHAMPION ENERGY SERVICES LLC,AEP_CENTRAL,FIXED,6,15.2,14.899999999999999,14.7,0.0,150.0,26,False,False,,https://docs.championenergyservices.com/ExternalDocs?planname=PN2412&state=TX&language=EN,https://www.championenergyservices.com/Residential/Sign-Up?promo=powertochoose
21999,Pollution Free e-Plus 24 Choice,GREEN MOUNTAIN ENERGY COMPANY,AEP_CENTRAL,FIXED,24,18.0,17.2,16.7,0.0,295.0,100,False,False,¡Inscríbete para electricidad 100% Pollution Free hoy mismo! Solo para nuevos clientes. Este plan requiere que te inscribas en facturación Tree Free y Auto Pay en greenmountain.com/myaccount dentro de treinta (30) días de la fecha de inicio de tu servicio. Términos y condiciones adicionales aplicables. Ve la página de confirmación de pedido para detalles.,https://signup.greenmountain.com/defl/G1F00172600809A.pdf,https://www.greenmountainenergy.com/gmec-lnd-tx-ptc/?txtPromocode=WA0TEZ&sid=APTC_1686090168&utm_campaign=Power+To+Choose+Listings&utm_medium=PTC_&utm_source=None
22009,Pollution Free e-Plus 12 Choice,GREEN MOUNTAIN ENERGY COMPANY,AEP_CENTRAL,FIXED,12,18.0,17.2,16.7,0.0,150.0,100,False,False,¡Inscríbete para electricidad 100% Pollution Free hoy mismo! Solo para nuevos clientes. Este plan requiere que te inscribas en facturación Tree Free y Auto Pay en greenmountain.com/myaccount dentro de treinta (30) días de la fecha de inicio de tu servicio. Términos y condiciones adicionales aplicables. Ve la página de confirmación de pedido para detalles.,https://signup.greenmountain.com/defl/G1F00172600804A.pdf,https://www.greenmountainenergy.com/gmec-lnd-tx-ptc/?txtPromocode=WA0TEZ&sid=APTC_1686090168&utm_campaign=Power+To+Choose+Listings&utm_medium=PTC_&utm_source=None
22152,Balanced Days Bundle - 3,TARA ENERGY,AEP_CENTRAL,FIXED,3,11.799999999999999,11.1,10.7,0.0,175.0,31,False,True,FREE electricity from 9:00 AM to 4:00 PM daily. A one-month GoodBundle setup and carbon offset purchase of $49.99 is required to enroll. Call (866) 327-0880 to enroll!,https://webs.taraenergy.com/Generate_Docs/Generate_EflLinks.aspx?RID=qsjWEu4ws08=&RCID=cacW2cvK/I0=&L=jfm4E/YMcQk=,https://taraenergy.com/ptcsl/?utm_source=powertochoose&utm_medium=referral&utm_campaign=ST
22163,Sustainable Home Bundle - 3,TARA ENERGY,AEP_CENTRAL,FIXED,3,11.799999999999999,11.1,10.7,0.0,175.0,31,False,False,"Para inscribirse se requiere una configuración de GoodBundle de un mes y una compra de compensación de carbono de $49.99. Cargos de transmisión y distribución transferidos al costo. ¡Para registrarse hoy, llame a nuestra línea directa para clientes al (866) 327-0880!",https://webs.taraenergy.com/Generate_Docs/Generate_EflLinks.aspx?RID=FxYMeR64bZg=&RCID=cacW2cvK/I0=&L=jfm4E/YMcQk=,https://taraenergy.com/ptcsl/?utm_source=powertochoose&utm_medium=referral&utm_campaign=ST
22768,Basics PTC - 60,TARA ENERGY,AEP_CENTRAL,FIXED,60,16.8,16.5,16.3,0.0,175.0,31,False,False,"Ask for our PTC rates. Lock in your energy rate with no Base Charges, no Minimum Use fees or Payment fees! Transmission and distribution charges passed through at cost. Please refer to the Electricity Facts Label for additional details. Call our Customer Hotline at (866) 327-0880 to sign up today!",https://webs.taraenergy.com/Generate_Docs/Generate_EflLinks.aspx?RID=U1l+++XSRMs=&RCID=cacW2cvK/I0=&L=jfm4E/YMcQk=,https://taraenergy.com/ptc/?utm_source=powertochoose&utm_medium=referral&utm_campaign=LT
22772,Sustainable Lifestyle - 3,AMIGO ENERGY,AEP_CENTRAL,FIXED,3,11.799999999999999,11.1,10.7,0.0,175.0,31,False,False,A one-month GoodBundle setup and carbon offset purchase of $49.99 is required to enroll. Transmission and distribution charges passed through at cost. Call (866) 327-0839 to enroll!,https://webs.amigoenergy.com/Generate_Docs/Generate_EflLinks.aspx?RID=qpIWXWJiPq4=&RCID=rv5fvOkFHh4=&L=6f+Ch9flI7k=,https://amigoenergy.com/lp/ptcsl/?utm_source=powertochoose&utm_medium=referral&utm_campaign=ST
23992,Reliant Power On 12 Plan,RELIANT,AEP_CENTRAL,FIXED,12,17.299999999999997,16.5,16.0,0.0,150.0,24,False,False,Esta oferta es solo para nuevos clientes que se inscriben a través de Power to Choose,https://www.reliant.com/defl/R1F00180021356A.pdf,https://shop.reliant.com/plans-for-you/?tdspCodeCCS=D0004&fromLP=ptc&txtPromocode=WF3713&sid=APTC_1686089562&language_code=es_US&utm_source=None&utm_campaign=Power+To+Choose+Listings&utm_medium=PTC_
24334,Basics PTC - 60,AMIGO ENERGY,AEP_CENTRAL,FIXED,60,16.8,16.5,16.3,0.0,175.0,31,False,False,"Ask for our PTC rates. Lock in your energy rate with no Base Charges, no Minimum Use fees or Payment fees! Transmission and distribution charges passed through at cost. Please refer to the Electricity Facts Label for additional details. Call our Customer Hotline at (866) 327-0839 to sign up today!",https://webs.amigoenergy.com/Generate_Docs/Generate_EflLinks.aspx?RID=OAKQyQEmstA=&RCID=rv5fvOkFHh4=&L=6f+Ch9flI7k=,https://amigoenergy.com/lp/ptc/?utm_source=powertochoose&utm_medium=referral&utm_campaign=LT
24347,Basics PTC - 36,TARA ENERGY,AEP_CENTRAL,FIXED,36,16.8,16.5,16.3,0.0,175.0,31,False,False,"Ask for our PTC rates. Lock in your energy rate with no Base Charges, no Minimum Use fees or Payment fees! Transmission and distribution charges passed through at cost. Please refer to the Electricity Facts Label for additional details. Call our Customer Hotline at (866) 327-0880 to sign up today!",https://webs.taraenergy.com/Generate_Docs/Generate_EflLinks.aspx?RID=z53lHZPGRUg=&RCID=cacW2cvK/I0=&L=jfm4E/YMcQk=,https://taraenergy.com/ptc/?utm_source=powertochoose&utm_medium=referral&utm_campaign=LT
24623,Basics PTC - 36,AMIGO ENERGY,AEP_CENTRAL,FIXED,36,16.8,16.5,16.3,0.0,175.0,31,False,False,"Ask for our PTC rates. Lock in your energy rate with no Base Charges, no Minimum Use fees or Payment fees! Transmission and distribution charges passed through at cost. Please refer to the Electricity Facts Label for additional details. Call our Customer Hotline at (866) 327-0839 to sign up today!",https://webs.amigoenergy.com/Generate_Docs/Generate_EflLinks.aspx?RID=CKis5l54v4Q=&RCID=rv5fvOkFHh4=&L=6f+Ch9flI7k=,https://amigoenergy.com/lp/ptc/?utm_source=powertochoose&utm_medium=referral&utm_campaign=LT
24634,Sustainable Living Bundle - 3,JUST ENERGY,AEP_CENTRAL,FIXED,3,11.799999999999999,11.1,10.7,0.0,175.0,31,False,False,A one-month GoodBundle setup and carbon offset purchase of $49.99 is required to enroll. Transmission and distribution charges passed through at cost. Call (866) 327-0821 to enroll!,https://webs.justenergydeals.com/Generate_Docs/Generate_EflLinks.aspx?RID=9CD4Q9qqxpw=&RCID=gNASPlhlupI=&L=6f+Ch9flI7k=,https://justenergy.com/affiliatepartner/ptcsl/?utm_source=powertochoose&utm_medium=referral&utm_campaign=ST
24640,Sustainable Days Bundle - 3,JUST ENERGY,AEP_CENTRAL,FIXED,3,11.799999999999999,11.1,10.7,0.0,175.0,31,False,True,FREE electricity from 9:00 AM to 4:00 PM daily. A one-month GoodBundle setup and carbon offset purchase of $49.99 is required to enroll. Call (866) 327-0821 to enroll!,https://webs.justenergydeals.com/Generate_Docs/Generate_EflLinks.aspx?RID=4X8tgdFCERI=&RCID=gNASPlhlupI=&L=6f+Ch9flI7k=,https://justenergy.com/affiliatepartner/ptcsl/?utm_source=powertochoose&utm_medium=referral&utm_campaign=ST
26025,Autopay Texas 18,DIRECT ENERGY,AEP_CENTRAL,FIXED,18,17.299999999999997,16.5,16.0,0.0,180.0,24,False,False,"Lock in a fixed Texas energy rate for 18 months! Monthly base charge $4.95. For new customers only. If you stop Auto Pay at any time during your contract, you will be charged an AutoPay Breakage Fee of $5/month. If you cancel your plan early, you will be charged a $180 early termination fee. Terms and conditions apply.",https://documents.directenergy.com/dynamic/efl/D1F00171873954A.pdf,https://shop.directenergy.com/tx/product-chart-tabs?tdspCode=D0004&promo_code=WHPGCD&sid=APTC_1726591058&utm_campaign=PTC&utm_medium=PTC_&utm_source=PowerToChoose
26125,Frontier Power Saver 6,FRONTIER UTILITIES,AEP_CENTRAL,FIXED,6,11.899999999999999,11.5,11.4,0.0,150.0,30,False,False,This offer is for new customers only who enroll through the Power to Choose website.,https://eflviewer.frontierutilities.com/eflviewer.aspx?lang=EN&prodcode=FPOWSVR06&tdspcode=AEP_CENT,https://newenroll.frontierutilities.com/?refid=PTCFPS06&ul=1000&tdsp=AEP_CENT
26145,Gexa Eco Choice 12,GEXA ENERGY,AEP_CENTRAL,FIXED,12,14.299999999999999,13.900000000000002,13.8,0.0,150.0,100,False,False,Lock in a great fixed rate plan. |Free online bill pay and automatic billing options are also available.|This offer is for new customers only who enroll through the Power to Choose website.,https://eflviewer.gexaenergy.com/eflviewer.aspx?lang=EN&prodcode=GXAECOCHI12&tdspcode=AEP_CENT,https://newenroll.gexaenergy.com/?refid=PTC_EcoChoice12&ul=1000&tdsp=AEP_CENT
26301,Octo Green 12,Octopus Energy,AEP_CENTRAL,FIXED,12,15.6,15.299999999999999,15.1,0.0,150.0,100,False,False,"An energy plan that combines technology and green energy! Sign up and connect your qualifying smart device (thermostat or electric vehicle (EV)) to our Intelligent Octopus feature through our App for a lower Octopus Energy Charge. If no qualifying smart device is connected then the default Octopus Energy Charge shall apply. Please review to the Electricity Facts Label for additional details. More information on Intelligent Octopus terms and conditions can be found at https://assets.octopusenergy.com/x/e71b875d6d/intelligent-octopus-en.pdf. Interested in qualifying for the discounted rate, call one of our Energy Specials at (833) 628-6888! Qualifying smart thermostats include: Amazon, Honeywell, ecobee and Sensi. Qualifying EVs include: BMW, Tesla, Audi, Mini Cooper, Volkswagen, Porsche, Ford, and Jaguar.",https://octopusenergy.com/efl?id=340&service-provider=AEP_TCC&load-zone=LZ_SOUTH&lang=en,https://octopusenergy.com/affiliate/ptc
26328,Choose 12,SPARK ENERGY LLC,AEP_CENTRAL,FIXED,12,14.899999999999999,14.6,14.399999999999999,0.0,100.0,35,False,False,,https://www.sparkenergy.com/products-and-services/?getproductpdf=1&PromotionCode=PTC&ProductID=148467&type=EFL&title=Electricity+Facts+Label&language=english,https://www.sparkenergy.com/products-and-services/?PromotionCode=PTC
26332,Choose 15,SPARK ENERGY LLC,AEP_CENTRAL,FIXED,15,15.0,14.7,14.499999999999998,0.0,100.0,35,False,False,,https://www.sparkenergy.com/products-and-services/?getproductpdf=1&PromotionCode=PTC&ProductID=148472&type=EFL&title=Electricity+Facts+Label&language=english,https://www.sparkenergy.com/products-and-services/?PromotionCode=PTC
26807,Reliant Power on 36 Plan,RELIANT,AEP_CENTRAL,FIXED,36,17.299999999999997,16.5,16.0,0.0,395.0,24,False,False,This offer is for new customers only who enroll through Power to Choose,https://www.reliant.com/defl/R1F00180021173A.pdf,https://shop.reliant.com/plans-for-you/?tdspCodeCCS=D0004&fromLP=ptc&txtPromocode=WF3713&sid=APTC_1686089562&utm_source=None&utm_campaign=Power+To+Choose+Listings&utm_medium=PTC_
26868,Autopay Texas 24,DIRECT ENERGY,AEP_CENTRAL,FIXED,24,17.5,16.7,16.2,0.0,295.0,24,False,False,"Lock in a fixed Texas energy rate for 24 months! Monthly base charge $4.95. For new customers only. If you stop Auto Pay at any time during your contract, you will be charged an AutoPay Breakage Fee of $5/month. If you cancel your plan early, you will be charged a $135 early termination fee. Terms and conditions apply.",https://documents.directenergy.com/dynamic/efl/D1F00171874029A.pdf,https://shop.directenergy.com/tx/product-chart-tabs?tdspCode=D0004&promo_code=WHPGCD&sid=APTC_1726591058&utm_campaign=PTC&utm_medium=PTC_&utm_source=PowerToChoose
26878,Autopay Texas 36,DIRECT ENERGY,AEP_CENTRAL,FIXED,36,17.599999999999998,16.8,16.3,0.0,295.0,24,False,False,"Lock in a fixed Texas energy rate for 36 months! Monthly base charge $4.95. For new customers only. If you stop Auto Pay at any time during your contract, you will be charged an AutoPay Breakage Fee of $5/month. If you cancel your plan early, you will be charged a $135 early termination fee. Terms and conditions apply.",https://documents.directenergy.com/dynamic/efl/D1F00171873862A.pdf,https://shop.directenergy.com/tx/product-chart-tabs?tdspCode=D0004&promo_code=WHPGCD&sid=APTC_1726591058&utm_campaign=PTC&utm_medium=PTC_&utm_source=PowerToChoose
27014,True Value 12,TRUE POWER,AEP_CENTRAL,FIXED,12,14.000000000000002,13.600000000000001,13.5,0.0,300.0,15,False,False,,https://truepowerefl.com/eflportal/efl/view/AEP%20Central/776,https://truepower.com/partner/ptc/
27045,Pollution Free e-Plus 36 Choice,GREEN MOUNTAIN ENERGY COMPANY,AEP_CENTRAL,FIXED,36,18.0,17.2,16.7,0.0,395.0,100,False,False,Sign up for 100% Pollution Free Electricity today! This plan requires you to enroll in Tree Free billing and Auto Pay at greenmountain.com/myaccount within thirty (30) days of your service start date. Additional terms and conditions apply. See order confirmation page for details.,https://signup.greenmountain.com/defl/G1F00172600811A.pdf,https://shop.greenmountainenergy.com/texas/home-energy-solutions/products/?tdspCodeCCS=D0004&fromLP=ptc&txtPromocode=WA0TEZ&sid=APTC_1726590650&utm_campaign=PTC&utm_medium=PTC_&utm_source=PowerToChoose
27099,Connect & Save 12 -      Save Energy. Get Paid.,OhmConnect Energy,AEP_CENTRAL,FIXED,12,15.4,15.1,14.899999999999999,0.0,150.0,26,False,False,Choose the energy company that pays you! Sign up for a low rate and earn rewards when you participate in our energy-saving events. Automate and earn more rewards with smart home devices after you sign up! Learn more at: tx.ohmconnect.com,https://bit.ly/3LbnlQ2,https://www.ohmconnect.com/texas/?aid=736101&lsid=2&campaign=ptc&locale=en
27123,True Value 36,TRUE POWER,AEP_CENTRAL,FIXED,36,14.799999999999999,14.399999999999999,14.299999999999999,0.0,300.0,15,False,False,,https://truepowerefl.com/eflportal/efl/view/AEP%20Central/797,https://truepower.com/partner/ptc/
27124,True Value 16,TRUE POWER,AEP_CENTRAL,FIXED,16,15.1,14.7,14.6,0.0,300.0,15,False,False,,https://truepowerefl.com/eflportal/efl/view/AEP%20Central/817,https://truepower.com/partner/ptc/
27125,True Value 24,TRUE POWER,AEP_CENTRAL,FIXED,24,14.6,14.2,14.099999999999998,0.0,300.0,15,False,False,,https://truepowerefl.com/eflportal/efl/view/AEP%20Central/778,https://truepower.com/partner/ptc/
27161,True Value 28,TRUE POWER,AEP_CENTRAL,FIXED,28,14.799999999999999,14.399999999999999,14.299999999999999,0.0,300.0,15,False,False,,https://truepowerefl.com/eflportal/efl/view/spanish/AEP%20Central/818,https://truepower.com/partner/ptc/
27251,Connect & Save 12,OhmConnect Energy,AEP_CENTRAL,FIXED,12,15.4,15.1,14.899999999999999,0.0,150.0,26,False,False,¡Elige la compañía de energía que le paga! Inscríbase para obtener una tarifa baja y gane recompensas cuando participe en nuestros eventos de ahorro de energía. ¡Automatice y gane más con dispositivos domésticos inteligentes después de registrarse! Mas informes en: tx.ohmconnect.com,https://bit.ly/4qUEE7h,https://www.ohmconnect.com/texas/?aid=736101&lsid=2&campaign=ptc&locale=es
27781,Autopay Texas 12,DIRECT ENERGY,AEP_CENTRAL,FIXED,12,17.299999999999997,16.5,16.0,0.0,150.0,24,False,False,"Lock in a fixed Texas energy rate for 12 months! Monthly base charge $4.95. For new customers only. If you stop Auto Pay at any time during your contract, you will be charged an AutoPay Breakage Fee of $5/month. If you cancel your plan early, you will be charged a $150 early termination fee. Terms and conditions apply.",https://documents.directenergy.com/dynamic/efl/D1F00171873898A.pdf,https://shop.directenergy.com/tx/product-chart-tabs?tdspCode=D0004&promo_code=WHPGCD&sid=APTC_1726591058&utm_campaign=PTC&utm_medium=PTC_&utm_source=PowerToChoose
27843,Embrace Green 6 - New Customer Special,CleanSky Energy,AEP_CENTRAL,FIXED,6,12.7,12.4,12.2,0.0,75.0,100,False,False,This plan is for new customers only. Autopay is required. Please enroll through the PowertoChoose sign up link. Have a question about a plan or need help placing an order? Call us: 1-888-733-5557 | Email us: CustomerCare@CleanSkyEnergy.com,https://rates.titangasandpower.com/Frontend/DownloadDoc?path=713d3819-505d-49df-bfd8-be71a9c6d2c7.html&id_plan=551509,https://signup.cleanskyenergy.com/rates?utility_id=114&promocode=PTCHOOSETX
27845,Embrace Green 12 - New Customer Special,CleanSky Energy,AEP_CENTRAL,FIXED,12,14.2,13.900000000000002,13.700000000000001,0.0,150.0,100,False,False,This plan is for new customers only. Autopay is required. Please enroll through the PowertoChoose sign up link. Have a question about a plan or need help placing an order? Call us: 1-888-733-5557 | Email us: CustomerCare@CleanSkyEnergy.com,https://rates.titangasandpower.com/Frontend/DownloadDoc?path=713d3819-505d-49df-bfd8-be71a9c6d2c7.html&id_plan=555547,https://signup.cleanskyenergy.com/rates?utility_id=114&promocode=PTCHOOSETX
27847,Embrace Green 24 - New Customer Special,CleanSky Energy,AEP_CENTRAL,FIXED,24,14.799999999999999,14.499999999999998,14.299999999999999,0.0,225.0,100,False,False,This plan is for new customers only. Autopay is required. Please enroll through the PowertoChoose sign up link. Have a question about a plan or need help placing an order? Call us: 1-888-733-5557 | Email us: CustomerCare@CleanSkyEnergy.com,https://rates.titangasandpower.com/Frontend/DownloadDoc?path=713d3819-505d-49df-bfd8-be71a9c6d2c7.html&id_plan=551020,https://signup.cleanskyenergy.com/rates?utility_id=114&promocode=PTCHOOSETX
27877,Simple Switch 5,CONSTELLATION NEWENERGY INC,AEP_CENTRAL,FIXED,5,12.6,12.3,12.1,0.0,50.0,26,False,False,This offer is for first time customers only who enroll through the Power to Choose website. Check out our other great rates available! https://www.constellation.com/,https://www.constellation.com/bin/residential/GetContractVersionPDF?versionNum=4906384,https://www.constellation.com/content/constellation/en/campaigns/powertochoose.html?UTM_source=powertochoose.org&UTM_medium=referral
27894,Embrace Green 36 - New Customer Special,CleanSky Energy,AEP_CENTRAL,FIXED,36,14.799999999999999,14.499999999999998,14.299999999999999,0.0,275.0,100,False,False,This plan is for new customers only. Autopay is required. Please enroll through the PowertoChoose sign up link. Have a question about a plan or need help placing an order? Call us: 1-888-733-5557 | Email us: CustomerCare@CleanSkyEnergy.com,https://rates.titangasandpower.com/Frontend/DownloadDoc?path=713d3819-505d-49df-bfd8-be71a9c6d2c7.html&id_plan=551736,https://signup.cleanskyenergy.com/rates?utility_id=114&promocode=PTCHOOSETX
28116,Reliant Power On 18,RELIANT,AEP_CENTRAL,FIXED,18,17.0,16.2,15.7,0.0,180.0,15,False,False,This offer is for new customers only who enroll through Power to Choose,https://www.reliant.com/defl/R1F00180021153A.pdf,http://www.reliant.com/public/startOEProcess.htm?tdspCodeCCS=D0004&fromLP=ptc&txtPromocode=WF3713&sid=A3P_1562314131
28147,Connect & Save 24 -      Save Energy. Get Paid.,OhmConnect Energy,AEP_CENTRAL,FIXED,24,15.6,15.299999999999999,15.1,0.0,250.0,26,False,False,Choose the energy company that pays you! Sign up for a low rate and earn rewards when you participate in our energy-saving events. Automate and earn more rewards with smart home devices after you sign up! Learn more at: tx.ohmconnect.com,https://bit.ly/44WKqwy,https://www.ohmconnect.com/texas/?aid=736101&lsid=2&campaign=ptc&locale=en
28101,Branch Fixed 12,BRANCH ENERGY (TEXAS) LLC,AEP_CENTRAL,FIXED,12,15.9,15.6,15.4,0.0,120.0,100,False,False,Branch hace que sea fácil ahorrar dinero cambiando a energía 100% limpia. Está claro.,https://assets.oak.phloem.io/docs/d6c19380-77a2-4485-a646-a7800b261a79/html,https://signup.branchenergy.com/?utm_source=ptc&ljs=es-MX
28211,Frontier Power Saver 12,FRONTIER UTILITIES,AEP_CENTRAL,FIXED,12,14.2,13.8,13.700000000000001,0.0,150.0,30,False,False,This offer is for new customers only who enroll through the Power to Choose website.,https://eflviewer.frontierutilities.com/eflviewer.aspx?lang=EN&prodcode=FPOWSVR12&tdspcode=AEP_CENT,https://newenroll.frontierutilities.com/?refid=PTCFPS12&ul=1000&tdsp=AEP_CENT
28251,GoodEnergy 24,GOOD CHARLIE & CO LLC,AEP_CENTRAL,FIXED,24,16.0,15.2,14.7,0.0,,26,False,False,Includes FREE 24/7 unlimited access to licensed veterinarians and $750 to fund an emergency vet bill. Covers up to 5 pets.  Plan requires paperless billing and communication.,https://api.goodcharlie.com/products/2047/EFL/AEP_Central/latest/en,https://goodcharlie.me/PTC-GoodEnergy24-AEP-CENTRAL
28283,GoodEnergy 12,GOOD CHARLIE & CO LLC,AEP_CENTRAL,FIXED,12,15.8,15.0,14.499999999999998,0.0,,26,False,False,Includes FREE 24/7 unlimited access to licensed veterinarians and $750 to fund an emergency vet bill. Covers up to 5 pets.  Plan requires paperless billing and communication.,https://api.goodcharlie.com/products/2046/EFL/AEP_Central/latest/en,https://goodcharlie.me/PTC-GoodEnergy12-AEP-CENTRAL
28300,GoodEnergy 36,GOOD CHARLIE & CO LLC,AEP_CENTRAL,FIXED,36,16.2,15.4,14.899999999999999,0.0,,26,False,False,Includes FREE 24/7 unlimited access to licensed veterinarians and $750 to fund an emergency vet bill. Covers up to 5 pets.  Plan requires paperless billing and communication.,https://api.goodcharlie.com/products/2048/EFL/AEP_Central/latest/en,https://goodcharlie.me/PTC-GoodEnergy36-AEP-CENTRAL
28412,Connect & Save 24,OhmConnect Energy,AEP_CENTRAL,FIXED,24,15.6,15.299999999999999,15.1,0.0,250.0,26,False,False,¡Elige la compañía de energía que le paga! Inscríbase para obtener una tarifa baja y gane recompensas cuando participe en nuestros eventos de ahorro de energía. ¡Automatice y gane más con dispositivos domésticos inteligentes después de registrarse! Mas informes en: tx.ohmconnect.com,https://bit.ly/4jnCQ3L,https://www.ohmconnect.com/texas/?aid=736101&lsid=2&campaign=ptc&locale=es
28409,Connect & Save 36 -      Save Energy. Get Paid.,OhmConnect Energy,AEP_CENTRAL,FIXED,36,15.7,15.4,15.2,0.0,250.0,26,False,False,Choose the energy company that pays you!Sign up for a low rate and earn rewards when you participate in our energy-saving events. Automate and earn more rewards with smart home devices after you sign up!Learn more at: tx.ohmconnect.com,https://bit.ly/4jl1S3P,https://www.ohmconnect.com/texas/?aid=736101&lsid=2&campaign=ptc&locale=en
28723,Gexa Eco Choice Plus 12,GEXA ENERGY,AEP_CENTRAL,FIXED,12,14.7,13.900000000000002,13.5,0.0,150.0,100,False,False,Lock in a great fixed rate plan. |Free online bill pay and automatic billing options are also available. |This offer is for customers who enroll through the Power to Choose website.,https://eflviewer.gexaenergy.com/eflviewer.aspx?lang=EN&prodcode=GXAECOCHIPLS12&tdspcode=AEP_CENT,https://newenroll.gexaenergy.com/?refid=PTC_EcoChoicePls12&ul=1000&tdsp=AEP_CENT
28762,GoodEnergy 16,GOOD CHARLIE & CO LLC,AEP_CENTRAL,FIXED,16,15.5,14.7,14.2,0.0,,26,False,False,Includes FREE 24/7 unlimited access to licensed veterinarians and $750 to fund an emergency vet bill. Covers up to 5 pets. Plan requires paperless billing and communication.,https://api.goodcharlie.com/products/2117/EFL/AEP_Central/latest/en,https://goodcharlie.me/PTC-GoodEnergy16-AEPCENTRAL
29048,Connect & Save 36,OhmConnect Energy,AEP_CENTRAL,FIXED,36,15.7,15.4,15.2,0.0,250.0,26,False,False,¡Elige la compañía de energía que le paga! Inscríbase para obtener una tarifa baja y gane recompensas cuando participe en nuestros eventos de ahorro de energía.¡ Automatice y gane más con dispositivos domésticos inteligentes después de registrarse! Mas informes en: tx.ohmconnect.com,https://bit.ly/49s4vfI,https://www.ohmconnect.com/texas/?aid=736101&lsid=2&campaign=ptc&locale=es
29211,Choose 6,SPARK ENERGY LLC,AEP_CENTRAL,FIXED,6,13.3,13.0,12.8,0.0,100.0,35,False,False,,https://www.sparkenergy.com/products-and-services/?getproductpdf=1&PromotionCode=PTC&ProductID=150854&type=EFL&title=Electricity+Facts+Label&language=english,https://www.sparkenergy.com/products-and-services/?PromotionCode=PTC
29228,Smart & Fixed - 12,Ranchero Power,AEP_CENTRAL,FIXED,12,16.2,15.299999999999999,14.899999999999999,0.0,179.0,6,False,False,New and returning customers only.,https://bit.ly/3WlH0yD,http://Rancheropower.com
29233,Tarifa Fija y Inteligente - 12,Ranchero Power,AEP_CENTRAL,FIXED,12,16.2,15.299999999999999,14.899999999999999,0.0,179.0,6,False,False,Solo para clientes nuevos y recurrentes.,https://bit.ly/3L0AxXw,http://www.rancheropower.com
29238,Tarifa Fija y Inteligente – 36,Ranchero Power,AEP_CENTRAL,FIXED,36,15.6,14.7,14.299999999999999,0.0,179.0,6,False,False,,https://bit.ly/4sidSH7,http://www.rancheropower.com
29243,Tarifa Fija y Inteligente – 3,Ranchero Power,AEP_CENTRAL,FIXED,3,11.899999999999999,11.0,10.6,0.0,179.0,6,False,False,,https://bit.ly/3YwarPD,http://www.rancheropower.com
29249,Tarifa Fija y Inteligente - 6,Ranchero Power,AEP_CENTRAL,FIXED,6,13.600000000000001,12.7,12.3,0.0,179.0,6,False,False,Solo para clientes nuevos y recurrentes.,https://bit.ly/490wzrn,http://Rancheropower.com
29253,Ranchero Fija y Inteligente - 18,Ranchero Power,AEP_CENTRAL,FIXED,18,14.799999999999999,13.900000000000002,13.5,0.0,179.99,6,False,False,,https://bit.ly/4qv7t9Y,
29259,Ranchero Smart & Fixed - 18,Ranchero Power,AEP_CENTRAL,FIXED,18,14.799999999999999,13.900000000000002,13.5,0.0,179.99,6,False,False,,https://bit.ly/4jm6Mxp,http://Rancheropower.com
29270,Smart & Fixed - 3,Ranchero Power,AEP_CENTRAL,FIXED,3,11.899999999999999,11.0,10.6,0.0,179.0,6,False,False,,https://bit.ly/4qIq9Dg,http://Rancheropower.com
29275,Ranchero Smart & Fixed - 6,Ranchero Power,AEP_CENTRAL,FIXED,6,13.600000000000001,12.7,12.3,0.0,179.0,6,False,False,New and returning customers only.,https://bit.ly/4qwCxpS,http://Rancheropower.com
29280,Smart & Fixed - 36,Ranchero Power,AEP_CENTRAL,FIXED,36,15.6,14.7,14.299999999999999,0.0,179.0,6,False,False,,https://bit.ly/4qxVrwx,http://Rancheropower.com
29290,SoFed Better Rate - 6,SOUTHERN FEDERAL POWER LLC,AEP_CENTRAL,FIXED,6,13.5,12.6,12.2,0.0,249.0,6,False,False,,https://bit.ly/4pZKaVQ,http://southernfederal.com
29292,SoFed Mejor Tarifa – 6,SOUTHERN FEDERAL POWER LLC,AEP_CENTRAL,FIXED,6,13.5,12.6,12.2,0.0,249.0,6,False,False,,https://bit.ly/4pTgvxA,http://www.southernfederal.com
29300,SoFed Better Rate - 36,SOUTHERN FEDERAL POWER LLC,AEP_CENTRAL,FIXED,36,15.5,14.6,14.2,0.0,249.0,6,False,False,,https://bit.ly/3YUpqCV,http://southernfederal.com
29304,SoFed Mejor Tarifa – 36,SOUTHERN FEDERAL POWER LLC,AEP_CENTRAL,FIXED,36,15.5,14.6,14.2,0.0,249.0,6,False,False,,https://bit.ly/4qv7nz8,http://www.southernfederal.com
29310,SoFed Better Rate - 3,SOUTHERN FEDERAL POWER LLC,AEP_CENTRAL,FIXED,3,11.799999999999999,10.9,10.5,0.0,249.0,6,False,False,,https://bit.ly/49L311e,
29321,SoFed Mejor Tarifa – 12,SOUTHERN FEDERAL POWER LLC,AEP_CENTRAL,FIXED,12,16.1,15.2,14.799999999999999,0.0,249.0,6,False,False,Solo para clientes nuevos y recurrentes.,https://bit.ly/4hqXuPR,http://www.southernfederal.com
29329,SoFed Mejor Tarifa – 3,SOUTHERN FEDERAL POWER LLC,AEP_CENTRAL,FIXED,3,11.799999999999999,10.9,10.5,0.0,249.0,6,False,False,,https://bit.ly/49JUZFO,
29330,SoFed Better Rate - 12,SOUTHERN FEDERAL POWER LLC,AEP_CENTRAL,FIXED,12,16.1,15.2,14.799999999999999,0.0,249.0,6,False,False,New and returning customers only.,https://bit.ly/4ntsAI0,http://www.southernfederal.com/
29352,SoFed Better Rate - 18,SOUTHERN FEDERAL POWER LLC,AEP_CENTRAL,FIXED,18,14.7,13.8,13.4,0.0,249.0,6,False,False,,https://bit.ly/4qz6cyQ,https://southernfederal.com
29416,Choose 5,SPARK ENERGY LLC,AEP_CENTRAL,FIXED,5,17.7,17.4,17.2,0.0,100.0,6,False,False,,https://www.sparkenergy.com/products-and-services/?getproductpdf=1&PromotionCode=PTC&ProductID=151016&type=EFL&title=Electricity+Facts+Label&language=english,https://www.sparkenergy.com/products-and-services/?PromotionCode=PTC
29505,Daisy 12,BKV Energy,AEP_CENTRAL,FIXED,12,14.7,14.399999999999999,14.2,0.0,,29,False,False,Esta oferta es exclusiva para nuevos clientes que se inscriban a través del sitio web Power to Choose.,https://enroll.bkvenergy.com/Home/EFL?productCode=RN00001203&term=12&ver=spanish,https://enroll.bkvenergy.com/?promo=PTCALL0001
29514,Sure Value 36,TRIEAGLE ENERGY LP,AEP_CENTRAL,FIXED,36,18.4,14.899999999999999,16.1,0.0,,3,False,False,"Our rates are transparent. No hidden fees or minimum usage penalties. TDU delivery charges are built into the rates at no markup, so there’s no guessing about what you pay.",https://shopping.trieagleenergy.com/PDFGenerator?formType=EnergyFactsLabel&comProdId=TCXTESRVALC36AA&tdsp=AEPTCC&lang=en&custClass=Residential,https://www.trieagleenergy.com/PTC
29537,SoFed Mejor Tarifa – 18,SOUTHERN FEDERAL POWER LLC,AEP_CENTRAL,FIXED,18,14.7,13.8,13.4,0.0,249.0,6,False,False,Solo para clientes nuevos y recurrentes.,https://bit.ly/4pfgqTE,http://southernfederal.com
30347,Stars and Stripes 9,REVOLUTION ENERGY LLC,AEP_CENTRAL,FIXED,9,15.299999999999999,14.499999999999998,14.2,0.0,175.0,26,False,False,"Affordable, hassle-free energy from Revolution Energy, the company that has your back. Offer only available for new Revolution Energy customers. This plan is not eligible to be used in conjunction with any referral or promotional codes.",https://e966f83b313c3b45ede3-64a631b37f7b69cdf842d11bca52af9c.ssl.cf5.rackcdn.com//202601/EFL-20260107-155000-AEPS-Stars and Stripes 9 (English).pdf,https://www.joinarevolution.com/signup/signup-step1/?id=329245&promotion=NONE&valid=N&referral=&landingpage=ptc
30387,Stars and Stripes 12,REVOLUTION ENERGY LLC,AEP_CENTRAL,FIXED,12,14.6,13.900000000000002,13.5,0.0,200.0,26,False,False,"Affordable, hassle-free energy from Revolution Energy, the company that has your back. Offer only available for new Revolution Energy customers. This plan is not eligible to be used in conjunction with any referral or promotional codes.",https://e966f83b313c3b45ede3-64a631b37f7b69cdf842d11bca52af9c.ssl.cf5.rackcdn.com//202601/EFL-20260107-155000-AEPS-Stars and Stripes 12 (English).pdf,https://www.joinarevolution.com/signup/signup-step1/?id=329210&promotion=NONE&valid=N&referral=&landingpage=ptc
30427,Stars and Stripes 18,REVOLUTION ENERGY LLC,AEP_CENTRAL,FIXED,18,14.399999999999999,13.700000000000001,13.4,0.0,250.0,26,False,False,"Affordable, hassle-free energy from Revolution Energy, the company that has your back. Offer only available for new Revolution Energy customers. This plan is not eligible to be used in conjunction with any referral or promotional codes.",https://e966f83b313c3b45ede3-64a631b37f7b69cdf842d11bca52af9c.ssl.cf5.rackcdn.com//202601/EFL-20260107-155000-AEPS-Stars and Stripes 18 (English).pdf,https://www.joinarevolution.com/signup/signup-step1/?id=329215&promotion=NONE&valid=N&referral=&landingpage=ptc
30502,Stars and Stripes 24,REVOLUTION ENERGY LLC,AEP_CENTRAL,FIXED,24,14.799999999999999,14.099999999999998,13.8,0.0,300.0,26,False,False,"Affordable, hassle-free energy from Revolution Energy, the company that has your back. Offer only available for new Revolution Energy customers. This plan is not eligible to be used in conjunction with any referral or promotional codes.",https://e966f83b313c3b45ede3-64a631b37f7b69cdf842d11bca52af9c.ssl.cf5.rackcdn.com//202601/EFL-20260107-155000-AEPS-Stars and Stripes 24 (English).pdf,https://www.joinarevolution.com/signup/signup-step1/?id=329225&promotion=NONE&valid=N&referral=&landingpage=ptc
30593,Stars and Stripes 36,REVOLUTION ENERGY LLC,AEP_CENTRAL,FIXED,36,15.0,14.299999999999999,13.900000000000002,0.0,375.0,26,False,False,"Affordable, hassle-free energy from Revolution Energy, the company that has your back. Offer only available for new Revolution Energy customers. This plan is not eligible to be used in conjunction with any referral or promotional codes.",https://e966f83b313c3b45ede3-64a631b37f7b69cdf842d11bca52af9c.ssl.cf5.rackcdn.com//202601/EFL-20260107-155000-AEPS-Stars and Stripes 36 (English).pdf,https://www.joinarevolution.com/signup/signup-step1/?id=329230&promotion=NONE&valid=N&referral=&landingpage=ptc
31484,Simple Savings 36,TRIEAGLE ENERGY LP,AEP_CENTRAL,FIXED,36,16.7,16.2,15.9,0.0,,3,False,False,"Our rates are transparent. No hidden fees or minimum usage penalties. TDU delivery charges are built into the rates at no markup, so there’s no guessing about what you pay.",https://shopping.trieagleenergy.com/PDFGenerator?formType=EnergyFactsLabel&comProdId=TCXTESMSAVC36AA&tdsp=AEPTCC&lang=en&custClass=Residential,https://www.trieagleenergy.com/PTC
31497,Simple Savings 12,TRIEAGLE ENERGY LP,AEP_CENTRAL,FIXED,12,16.3,15.8,15.5,0.0,,3,False,False,"Our rates are transparent. No hidden fees or minimum usage penalties. TDU delivery charges are built into the rates at no markup, so there’s no guessing about what you pay.",https://shopping.trieagleenergy.com/PDFGenerator?formType=EnergyFactsLabel&comProdId=TCXTESMSAVC12AA&tdsp=AEPTCC&lang=en&custClass=Residential,https://www.trieagleenergy.com/PTC
31509,Simple Green 36,TRIEAGLE ENERGY LP,AEP_CENTRAL,FIXED,36,17.7,17.2,16.900000000000002,0.0,,100,False,False,"Our rates are transparent. No hidden fees or minimum usage penalties. TDU delivery charges are built into the rates at no markup, so there’s no guessing about what you pay.",https://shopping.trieagleenergy.com/PDFGenerator?formType=EnergyFactsLabel&comProdId=TCXTESMGRNC36AA&tdsp=AEPTCC&lang=en&custClass=Residential,https://www.trieagleenergy.com/PTC
31806,PTC 12 Month - Postpaid,PAYLESS POWER,AEP_CENTRAL,FIXED,12,16.2,15.9,15.7,0.0,199.0,26,False,False,Fixed Price for 12 months.  No deposit with approved credit.,https://paylesspower.com/files/92_3_eng.pdf,https://paylesspower.com/?affiliate=487447&planType=2
31808,PTC 6 Month - Postpaid,PAYLESS POWER,AEP_CENTRAL,FIXED,6,15.2,14.899999999999999,14.7,0.0,149.0,26,False,False,Fixed Price for 6 months.  No deposit with approved credit.,https://paylesspower.com/files/93_3_eng.pdf,https://paylesspower.com/?affiliate=487447&planType=2
31810,PTC 3 Month - Postpaid,PAYLESS POWER,AEP_CENTRAL,FIXED,3,15.299999999999999,15.0,14.799999999999999,0.0,99.0,26,False,False,Fixed Price for 3 months.  No deposit with approved credit.,https://paylesspower.com/files/94_3_eng.pdf,https://paylesspower.com/?affiliate=487447&planType=2
31519,Simple Green 12,TRIEAGLE ENERGY LP,AEP_CENTRAL,FIXED,12,17.299999999999997,16.8,16.5,0.0,,100,False,False,"Our rates are transparent. No hidden fees or minimum usage penalties. TDU delivery charges are built into the rates at no markup, so there’s no guessing about what you pay.",https://shopping.trieagleenergy.com/PDFGenerator?formType=EnergyFactsLabel&comProdId=TCXTESMGRNC12AA&tdsp=AEPTCC&lang=en&custClass=Residential,https://www.trieagleenergy.com/PTC
31712,Gexa Eco Choice Plus 6,GEXA ENERGY,AEP_CENTRAL,FIXED,6,12.4,11.600000000000001,11.200000000000001,0.0,150.0,100,False,False,Lock in a great fixed rate plan. |Free online bill pay and automatic billing options are also available. |This offer is for customers who enroll through the Power to Choose website.,https://eflviewer.gexaenergy.com/eflviewer.aspx?lang=EN&prodcode=GXAECOCHIPLS6&tdspcode=AEP_CENT,https://newenroll.gexaenergy.com/?refid=PTC_EcoChoicePls06&ul=1000&tdsp=AEP_CENT
31918,Straight Forward 12,Abundance Energy,AEP_CENTRAL,FIXED,12,15.0,14.2,13.700000000000001,0.0,150.0,25,False,False,Go to Abundance Energy website to see all plans and term lengths.,https://api.quextenergy.onproton.io/enrollment/document?template_bucket=abundance-product-templates&template_file=tx/Straightforward_EFL.docx&rate_id=9886,https://join.abundanceenergy.com/?promoCode=PTC
31959,Basics PTC - 60,JUST ENERGY,AEP_CENTRAL,FIXED,60,16.8,16.5,16.3,0.0,175.0,31,False,False,"Ask for our PTC rates. Lock in your energy rate with no Base Charges, no Minimum Use fees or Payment fees! Transmission and distribution charges passed through at cost. Please refer to the Electricity Facts Label for additional details. Call our Customer Hotline at (866) 327-0821 to sign up today!",https://webs.justenergydeals.com/Generate_Docs/Generate_EflLinks.aspx?RID=QG8KHv864bs=&RCID=gNASPlhlupI=&L=6f+Ch9flI7k=,https://justenergy.com/affiliatepartner/ptc/?utm_source=powertochoose&utm_medium=referral&utm_campaign=LT
31971,Basics PTC - 24,AMIGO ENERGY,AEP_CENTRAL,FIXED,24,16.8,16.5,16.3,0.0,175.0,31,False,False,"Ask for our PTC rates. Lock in your energy rate with no Base Charges, no Minimum Use fees or Payment fees! Transmission and distribution charges passed through at cost. Please refer to the Electricity Facts Label for additional details. Call our Customer Hotline at (866) 327-0839 to sign up today!",https://webs.amigoenergy.com/Generate_Docs/Generate_EflLinks.aspx?RID=P/8RJayq+FA=&RCID=rv5fvOkFHh4=&L=6f+Ch9flI7k=,https://amigoenergy.com/lp/ptc/?utm_source=powertochoose&utm_medium=referral&utm_campaign=LT
31983,Basics PTC - 24,TARA ENERGY,AEP_CENTRAL,FIXED,24,16.8,16.5,16.3,0.0,175.0,31,False,False,"Ask for our PTC rates. Lock in your energy rate with no Base Charges, no Minimum Use fees or Payment fees! Transmission and distribution charges passed through at cost. Please refer to the Electricity Facts Label for additional details. Call our Customer Hotline at (866) 327-0880 to sign up today!",https://webs.taraenergy.com/Generate_Docs/Generate_EflLinks.aspx?RID=ik4SlTGPA6o=&RCID=cacW2cvK/I0=&L=6f+Ch9flI7k=,https://taraenergy.com/ptc/?utm_source=powertochoose&utm_medium=referral&utm_campaign=LT
33189,TrueClassic 36,AP GAS & ELECTRIC (TX) LLC,AEP_CENTRAL,FIXED,36,14.6,14.299999999999999,14.099999999999998,0.0,350.0,6,False,False,Asegure un plan directo de tasa fija que le brinde seguridad en los precios durante los próximos 36 meses. Flexible. Affordable. Energy. ¡Eso es APG&E!,https://artemis-api.apge.com/api/v1/document?documentId=74&offerCode=SRBTX_AEC_NA_NA_RES_FPR_SD0_T36_NEW,https://www.apge.com/enroll#/offer?offerCode=SRBTX_AEC_NA_NA_RES_FPR_SD0_T36_NEW&deploymentName=TX%20State%20Rate%20Board&language=spanish
33306,Confident Renter 12,Abundance Energy,AEP_CENTRAL,FIXED,12,14.399999999999999,14.099999999999998,13.900000000000002,0.0,150.0,25,False,False,Go to Abundance Energy website to see all plans and term lengths.,https://api.quextenergy.onproton.io/enrollment/document?template_bucket=abundance-product-templates&template_file=tx/ConfidentRenter_EFL.docx&rate_id=9879,https://join.abundanceenergy.com/?promoCode=PTC
33342,TrueClassic 12,AP GAS & ELECTRIC (TX) LLC,AEP_CENTRAL,FIXED,12,14.6,14.299999999999999,14.099999999999998,0.0,200.0,6,False,False,Lock in a straightforward fixed rate plan that gives you price security for the next 12 months. Flexible. Affordable. Energy. That's APG&E!,https://artemis-api.apge.com/api/v1/document?documentId=73&offerCode=TXSRB12_AEC_NA_NA_RES_FPR_SD0_T12_NEW,https://www.apge.com/enroll#/offer?offerCode=TXSRB12_AEC_NA_NA_RES_FPR_SD0_T12_NEW&deploymentName=TX%20State%20Rate%20Board
33344,TrueClassic 24,AP GAS & ELECTRIC (TX) LLC,AEP_CENTRAL,FIXED,24,14.299999999999999,14.000000000000002,13.8,0.0,250.0,6,False,False,Lock in a fixed rate plan that gives you price security for the next 24 months. Flexible. Affordable. Energy. That's APG&E!,https://artemis-api.apge.com/api/v1/document?documentId=73&offerCode=SRBTX_AEC_NA_NA_RES_FPR_SD0_T24_NEW,https://www.apge.com/enroll#/offer?offerCode=SRBTX_AEC_NA_NA_RES_FPR_SD0_T24_NEW&deploymentName=TX%20State%20Rate%20Board
33457,TrueClassic 3,AP GAS & ELECTRIC (TX) LLC,AEP_CENTRAL,FIXED,3,11.700000000000001,11.4,11.200000000000001,0.0,150.0,6,False,False,Lock in a straightforward fixed rate plan that gives you price security for the next 3 months. Flexible. Affordable. Energy. That's APG&E!,https://artemis-api.apge.com/api/v1/document?documentId=73&offerCode=SRBTX_AEC_NA_NA_RES_FPR_SD0_T3_NEW,https://www.apge.com/enroll#/offer?offerCode=SRBTX_AEC_NA_NA_RES_FPR_SD0_T3_NEW&deploymentName=TX%20State%20Rate%20Board
33610,Basics PTC - 24,JUST ENERGY,AEP_CENTRAL,FIXED,24,16.8,16.5,16.3,0.0,175.0,31,False,False,"Ask for our PTC rates. Lock in your energy rate with no Base Charges, no Minimum Use fees or Payment fees! Transmission and distribution charges passed through at cost. Please refer to the Electricity Facts Label for additional details. Call our Customer Hotline at (866) 327-0821 to sign up today!",https://webs.justenergydeals.com/Generate_Docs/Generate_EflLinks.aspx?RID=2kdhHey2mEs=&RCID=gNASPlhlupI=&L=6f+Ch9flI7k=,https://justenergy.com/affiliatepartner/ptc/?utm_source=powertochoose&utm_medium=referral&utm_campaign=LT
33726,Value Edge 12,TXU ENERGY,AEP_CENTRAL,FIXED,12,19.8,13.5,18.099999999999998,0.0,150.0,3,False,False,Your actual average price per kWh for electricity service will depend on your usage as shown in the Electricity Facts Label (EFL). The only circumstance in which the price could change during the 12-month minimum term is to reflect actual changes in law or regulatory charges.,https://residential.txu.com/Handlers/PDFGenerator.ashx?comProdId=TCX50VALED12AD&lang=en&formType=EnergyFactsLabel&custClass=3&tdsp=AEPTCC,https://www.txu.com/ptc/valueedge12
33727,Simple Value 12,TXU ENERGY,AEP_CENTRAL,FIXED,12,17.9,16.6,15.9,0.0,150.0,3,False,False,Your actual average price per kWh for electricity service will depend on your usage as shown in the Electricity Facts Label (EFL). The only circumstance in which the price could change during the 12-month minimum term is to reflect actual changes in law or regulatory charges.,https://residential.txu.com/Handlers/PDFGenerator.ashx?comProdId=TCXSIMVL1212AM&lang=en&formType=EnergyFactsLabel&custClass=3&tdsp=AEPTCC,https://www.txu.com/ptc/simplevalue12
33811,Essential Infusion 3,INFUSE ENERGY,AEP_CENTRAL,FIXED,3,11.799999999999999,11.3,11.0,0.0,100.0,26,False,False,"Affordable, hassle-free energy from Infuse Energy, the company that has your back. Offer only available for new Infuse Energy customers. This plan is not eligible to be used in conjunction with any referral or promotional codes.",https://88fd201f32c53c2bd0fb-11ba98ed637230a2314ec7c228a44bda.ssl.cf5.rackcdn.com/202601/EFL-20260107-144900-AEPS-Essential Infusion 3 (English).pdf,https://www.infuseenergy.com/signup/signup-step1/?id=1623013&promotion=NONE&valid=N&referral=&landingpage=ptc
33851,Essential Infusion 6,INFUSE ENERGY,AEP_CENTRAL,FIXED,6,12.7,12.2,11.899999999999999,0.0,150.0,26,False,False,"Affordable, hassle-free energy from Infuse Energy, the company that has your back. Offer only available for new Infuse Energy customers. This plan is not eligible to be used in conjunction with any referral or promotional codes.",https://88fd201f32c53c2bd0fb-11ba98ed637230a2314ec7c228a44bda.ssl.cf5.rackcdn.com/202601/EFL-20260107-144900-AEPS-Essential Infusion 6 (English).pdf,https://www.infuseenergy.com/signup/signup-step1/?id=1623018&promotion=NONE&valid=N&referral=&landingpage=ptc
33931,Essential Infusion 12,INFUSE ENERGY,AEP_CENTRAL,FIXED,12,14.399999999999999,13.900000000000002,13.600000000000001,0.0,200.0,26,False,False,"Affordable, hassle-free energy from Infuse Energy, the company that has your back. Offer only available for new Infuse Energy customers. This plan is not eligible to be used in conjunction with any referral or promotional codes.",https://88fd201f32c53c2bd0fb-11ba98ed637230a2314ec7c228a44bda.ssl.cf5.rackcdn.com/202601/EFL-20260107-144900-AEPS-Essential Infusion 12 (English).pdf,https://www.infuseenergy.com/signup/signup-step1/?id=1622988&promotion=NONE&valid=N&referral=&landingpage=ptc
34019,Essential Infusion 24,INFUSE ENERGY,AEP_CENTRAL,FIXED,24,14.6,14.099999999999998,13.900000000000002,0.0,300.0,26,False,False,"Affordable, hassle-free energy from Infuse Energy, the company that has your back. Offer only available for new Infuse Energy customers. This plan is not eligible to be used in conjunction with any referral or promotional codes.",https://88fd201f32c53c2bd0fb-11ba98ed637230a2314ec7c228a44bda.ssl.cf5.rackcdn.com/202601/EFL-20260107-144900-AEPS-Essential Infusion 24 (English).pdf,https://www.infuseenergy.com/signup/signup-step1/?id=1623003&promotion=NONE&valid=N&referral=&landingpage=ptc
34103,Essential Infusion 36,INFUSE ENERGY,AEP_CENTRAL,FIXED,36,14.799999999999999,14.299999999999999,14.000000000000002,0.0,375.0,26,False,False,"Affordable, hassle-free energy from Infuse Energy, the company that has your back. Offer only available for new Infuse Energy customers. This plan is not eligible to be used in conjunction with any referral or promotional codes.",https://88fd201f32c53c2bd0fb-11ba98ed637230a2314ec7c228a44bda.ssl.cf5.rackcdn.com/202601/EFL-20260107-144900-AEPS-Essential Infusion 36 (English).pdf,https://www.infuseenergy.com/signup/signup-step1/?id=1623008&promotion=NONE&valid=N&referral=&landingpage=ptc
34443,Think Simple 5,Think Energy,AEP_CENTRAL,FIXED,5,14.2,13.4,13.0,0.0,200.0,25,False,False,New Customers Only.,https://api.thinkenergy.onproton.io/enrollment/get_latest_document?lang=en&product_code=tx.thinksimple.noap.fixed&tdsp_id=4&doc_type=EFL&term=5&promo_code=default,https://www.thinkenergy.com/?utm_source=rateboard&utm_medium=referral&utm_campaign=texas
34471,Think Clean 12,Think Energy,AEP_CENTRAL,FIXED,12,15.8,15.0,14.6,0.0,200.0,100,False,False,New Customers Only,https://thinkenergytx-tmp.s3.us-west-2.amazonaws.com/enrollment-documents/cc621f0b-0b53-4023-99b6-d939fa51af5b.pdf,https://www.thinkenergy.com/?utm_source=rateboard&utm_medium=referral&utm_campaign=texas
34487,Think Clean 36,Think Energy,AEP_CENTRAL,FIXED,36,16.6,15.8,15.4,0.0,200.0,100,False,False,New Customers Only. Autopay is Required.,https://docs.cloud.thinkenergy.com/EFL/?term=36&duns=007924772&product=tx.thinkclean.ap.fixed&lang=en,https://www.thinkenergy.com/?utm_source=rateboard&utm_medium=referral&utm_campaign=texas
34545,Smart Secure 36,AE TEXAS,AEP_CENTRAL,FIXED,36,15.2,14.899999999999999,14.7,0.0,,35,False,False,"Experience peace of mind with our Smarter Secure plan, offering a fixed energy rate and transparent TDU charges passed through with NO MARKUP. No hidden fees, minimum usage, or gimmicks.",https://enroll.aetexasco.com/EmailHTML/efl.aspx?RateID=1936&BrandID=1&PromoCodeID=114,https://enroll.aetexasco.com/Enrollment/Default.aspx?&promoCode=AETXPTC1
34686,Daisy 13,BKV Energy,AEP_CENTRAL,FIXED,13,14.799999999999999,14.499999999999998,14.299999999999999,0.0,,29,False,False,"Simple and affordable fixed-rate electricity with no hidden fees like base charges, usage fees, setup fees, or bundle fees. Plus, no gimmicks or confusing fine print. This plan is for new customers only who enroll through the Power To Choose website. Sign up today!",https://enroll.bkvenergy.com/Home/EFL?productCode=RN00013528&term=13,https://enroll.bkvenergy.com/?promo=PTCALL0001
34698,Think Clean 12 with Smart Thermostat Connected,Think Energy,AEP_CENTRAL,FIXED,12,13.8,14.000000000000002,14.099999999999998,0.0,200.0,100,False,False,"Connected Thermostat Required, see EFL and Terms of Service for Details",https://docs.cloud.thinkenergy.com/EFL/?term=12&duns=007924772&product=tx.thinkclean.noap.fixed.thermostat&lang=en,https://www.thinkenergy.com/?utm_source=rateboard&utm_medium=referral&utm_campaign=texas
34721,Bright Nights 12,CHARIOT ENERGY,AEP_CENTRAL,FIXED,12,14.499999999999998,13.200000000000001,12.6,0.0,,100,False,True,"Sign-up today and receive regret-free 100% clean renewable energy at prices competitive to traditional power. We’re committed to providing our customers transparency, simplicity and clean energy backed by world class customer experience.• This product requires Autopay & E-bill set up.",https://signup.chariotenergy.com//Home/EFl?productId=41663,https://signup.chariotenergy.com//Home/index?ProductCode=RNR12002711&Promo=GqAtunAVIGY=
34731,Bright Nights 24,CHARIOT ENERGY,AEP_CENTRAL,FIXED,24,15.1,13.700000000000001,13.100000000000001,0.0,,100,False,True,"Sign-up today and receive regret-free 100% clean renewable energy at prices competitive to traditional power. We’re committed to providing our customers transparency, simplicity and clean energy backed by world class customer experience.• This product requires Autopay & E-bill set up.",https://signup.chariotenergy.com//Home/EFl?productId=41639,https://signup.chariotenergy.com//Home/index?ProductCode=RNR24001671&Promo=GqAtunAVIGY=
34743,Bright Nights 36,CHARIOT ENERGY,AEP_CENTRAL,FIXED,36,15.2,13.8,13.200000000000001,0.0,,100,False,True,"Sign-up today and receive regret-free 100% clean renewable energy at prices competitive to traditional power. We’re committed to providing our customers transparency, simplicity and clean energy backed by world class customer experience.• This product requires Autopay & E-bill set up.",https://signup.chariotenergy.com//Home/EFl?productId=41642,https://signup.chariotenergy.com//Home/index?ProductCode=RNR36002711&Promo=GqAtunAVIGY=
34781,Daisy 18,BKV Energy,AEP_CENTRAL,FIXED,18,13.700000000000001,13.4,13.200000000000001,0.0,,29,False,False,"Simple and affordable fixed-rate electricity with no hidden fees like base charges, usage fees, setup fees, or bundle fees. Plus, no gimmicks or confusing fine print. This plan is for new customers only who enroll through the Power To Choose website. Sign up today!",https://enroll.bkvenergy.com/Home/EFL?productCode=RN00027074&promo=&term=18,https://enroll.bkvenergy.com/?promo=PTCALL0001
34851,Discount Nights 24,Discount Power,AEP_CENTRAL,FIXED,24,17.0,16.7,16.5,0.0,295.0,24,False,True,"Electronic Billing and auto payment via bank draft, credit card, or debit card available. This offer is for new customers only. Enroll through Power to Choose or by using special promo code; Promo Code Required: WQ4131.",https://www.discountpowertx.com/defl/M1F00171858128B.pdf,https://shop.discountpowertx.com/offer-selection/?txtPromocode=WQ4131&tdspCode=D0004&fromLP=ptc&sid=APTC_1686090020&utm_campaign=Power+To+Choose+Listings&utm_medium=PTC_&utm_source=None
34856,Discount Nights 12,Discount Power,AEP_CENTRAL,FIXED,12,16.400000000000002,16.1,15.9,0.0,150.0,24,False,True,"Electronic Billing and auto payment via bank draft, credit card, or debit card available. This offer is for new customers only. Enroll through Power to Choose or by using special promo code; Promo Code Required: WQ4131.",https://www.discountpowertx.com/defl/M1F00180040137A.pdf,https://shop.discountpowertx.com/offer-selection/?txtPromocode=WQ4131&tdspCode=D0004&fromLP=ptc&sid=APTC_1686090020&utm_campaign=Power+To+Choose+Listings&utm_medium=PTC_&utm_source=None
34918,No Bull 36,Energy Texas,AEP_CENTRAL,FIXED,36,14.7,14.799999999999999,14.899999999999999,0.0,,100,False,False,"Straightforward, no B.S. fixed-rate plans built by Texans, for Texans. | Call us at 1-888-512-0330 and sign up today!",https://api.energytexas.com/api/pricing/offers/latest-offers-efl/12905/?locale=en,https://www.energytexas.com/?rcid=power-to-choose&utm_source=powertochoose&utm_campaign=aep-central&utm_medium=state-shopping&utm_term=NB36
34898,No Bull 12,Energy Texas,AEP_CENTRAL,FIXED,12,14.099999999999998,14.2,14.299999999999999,0.0,,100,False,False,"Straightforward, no B.S. fixed-rate plans built by Texans, for Texans. | Call us at 1-888-512-0330 and sign up today!",https://api.energytexas.com/api/pricing/offers/latest-offers-efl/12673/?locale=en,https://www.energytexas.com/?rcid=power-to-choose&utm_source=powertochoose&utm_campaign=aep-central&utm_medium=state-shopping&utm_term=NB12
35074,Digital Choice 12,RHYTHM,AEP_CENTRAL,FIXED,12,14.099999999999998,14.2,14.299999999999999,0.0,,100,False,False,"Secure a 100% renewable electricity plan. | Enjoy Fair-for-All Pricing, with No Hidden Fees! | Access local Texas customer care 7 days a week. | Save on your bill with Rhythm Rewards. | Call us at 1-877-649-0441 and sign up today!",https://api.gotrhythm.com/api/pricing/offers/latest-offers-efl/16283/?locale=en,https://gotrhythm.com/?rcid=power-to-choose&utm_source=powertochoose&utm_campaign=aep-central&utm_medium=state-shopping&utm_term=DC12
35087,Reliable Fixed 12,NEXTVOLT TEXAS LLC,AEP_CENTRAL,FIXED,12,14.6,14.299999999999999,14.099999999999998,0.0,149.0,6,False,False,,https://myaccountpage.nextvoltenergy.com/docs/efls/output/20251218_1_RF12-139_AEPCENTRAL_SOUTH_001.pdf,https://www.nextvoltenergy.com/texas/electricity-plans/?cid=PTC20251002065224&mtm_source=PTC&mtm_medium=Referral
35159,OctopusFlex,Octopus Energy,AEP_CENTRAL,FIXED,12,15.8,15.5,15.299999999999999,0.0,150.0,100,False,True,"Octopus Flex is a 100% renewable time-of-use electricity plan that rewards you with lower rates for using energy during off-peak hours (10 PM–6 AM). You’ll save even more during spring and fall, when energy is cleaner and cheaper. Shift your usage, like running appliances or charging your EV at night, and enjoy big savings while supporting a greener grid.",https://octopusenergy.com/efl?id=373&service-provider=AEP_TCC&load-zone=LZ_SOUTH&lang=en,https://octopusenergy.com/affiliate/ptc
35173,SFE RewardsPlus - 12,SFE ENERGY TEXAS INC,AEP_CENTRAL,FIXED,12,16.400000000000002,15.5,15.0,0.0,175.0,35,False,False,"Enjoy peace of mind and predictable pricing with the SFE RewardsPlus Plan - a simple, stable electricity plan designed with you in mind. Each month, you’ll receive $50 in reward dollars to spend on local deals, dining, entertainment, online shopping, gift cards, and more*. Plus, after 60 days of continuous service, you can call us and request your 4 free LED bulbs*. It’s a plan that rewards you every step of the way. *Reward dollars and LED bulb offers are subject to terms and conditions.",https://empowerdocs.blob.core.windows.net/efldocuments/_2516380517794642996_EFL_SFE%20Residential%20Fixed%20AEPC%2012English.pdf,https://www.sfeenergy.com/texas/
35174,SFE RewardsPlus - 24,SFE ENERGY TEXAS INC,AEP_CENTRAL,FIXED,24,16.7,15.8,15.299999999999999,0.0,175.0,35,False,False,"Enjoy peace of mind and predictable pricing with the SFE RewardsPlus Plan - a simple, stable electricity plan designed with you in mind. Each month, you’ll receive $50 in reward dollars to spend on local deals, dining, entertainment, online shopping, gift cards, and more*. Plus, after 60 days of continuous service, you can call us and request your 4 free LED bulbs*. It’s a plan that rewards you every step of the way. *Reward dollars and LED bulb offers are subject to terms and conditions.",https://empowerdocs.blob.core.windows.net/efldocuments/_2516380517725972507_EFL_SFE%20Residential%20Fixed%20AEPC%2024English.pdf,https://www.sfeenergy.com/texas/
35175,SFE RewardsPlus - 36,SFE ENERGY TEXAS INC,AEP_CENTRAL,FIXED,36,16.7,15.8,15.299999999999999,0.0,175.0,35,False,False,"Enjoy peace of mind and predictable pricing with the SFE RewardsPlus Plan - a simple, stable electricity plan designed with you in mind. Each month, you’ll receive $50 in reward dollars to spend on local deals, dining, entertainment, online shopping, gift cards, and more*. Plus, after 60 days of continuous service, you can call us and request your 4 free LED bulbs*. It’s a plan that rewards you every step of the way. *Reward dollars and LED bulb offers are subject to terms and conditions.",https://empowerdocs.blob.core.windows.net/efldocuments/_2516380517533535674_EFL_SFE%20Residential%20Fixed%20AEPC%2036English.pdf,https://www.sfeenergy.com/texas/
35273,Rhythm Saver 12,RHYTHM,AEP_CENTRAL,FIXED,12,20.8,11.0,16.1,0.0,,100,False,False,"Secure a 100% renewable electricity plan. | Enjoy Fair-for-All Pricing, with No Hidden Fees! | Access local Texas customer care 7 days a week. | Save on your bill with Rhythm Rewards. | Call us at 1-877-649-0441 and sign up today!",https://api.gotrhythm.com/api/pricing/offers/latest-offers-efl/16786/?locale=en,https://gotrhythm.com/?rcid=power-to-choose&utm_source=powertochoose&utm_campaign=aep-central&utm_medium=state-shopping&utm_term=RS12
35283,The Lone Saver 12,Energy Texas,AEP_CENTRAL,FIXED,12,20.8,11.0,16.1,0.0,,100,False,False,"Straightforward, no B.S. fixed-rate plans built by Texans, for Texans. | Call us at 1-888-512-0330 and sign up today!",https://api.gotrhythm.com/api/pricing/offers/latest-offers-efl/16989/?locale=en,https://www.energytexas.com/?rcid=power-to-choose&utm_source=powertochoose&utm_campaign=aep-central&utm_medium=state-shopping&utm_term=LS12
35306,Clean Energy 12,Abundance Energy,AEP_CENTRAL,FIXED,12,15.5,14.7,14.2,0.0,150.0,100,False,False,Go to Abundance Energy website to see all plans and term lengths.,https://api.quextenergy.onproton.io/enrollment/document?template_bucket=abundance-product-templates&template_file=tx/CleanEnergy_EFL.docx&rate_id=9873,https://join.abundanceenergy.com/?promoCode=PTC
35526,Straight Forward 6,Abundance Energy,AEP_CENTRAL,FIXED,6,13.700000000000001,12.9,12.4,0.0,150.0,25,False,False,Go to Abundance Energy website to see all plans and term lengths.,https://api.quextenergy.onproton.io/enrollment/document?template_bucket=abundance-product-templates&template_file=tx/Straightforward_EFL.docx&rate_id=10032,https://join.abundanceenergy.com/?promoCode=PTC
35547,Bright Nights 4,CHARIOT ENERGY,AEP_CENTRAL,FIXED,4,12.2,10.9,10.299999999999999,0.0,,100,False,True,"Sign-up today and receive regret-free 100% clean renewable energy at prices competitive to traditional power. We’re committed to providing our customers transparency, simplicity and clean energy backed by world class customer experience.• This product requires Autopay & E-bill set up.",https://signup.chariotenergy.com//Home/EFl?productId=41660,https://signup.chariotenergy.com//Home/index?ProductCode=RNR04000049&Promo=GqAtunAVIGY=
35565,Daisy 6,BKV Energy,AEP_CENTRAL,FIXED,6,13.3,12.9,12.8,0.0,,29,False,False,"Simple and affordable fixed-rate electricity with no hidden fees like base charges, usage fees, setup fees, or bundle fees. Plus, no gimmicks or confusing fine print. This plan is for new customers only who enroll through the Power To Choose website. Sign up today!",https://enroll.bkvenergy.com/Home/EFL?productCode=RN00085559&promo=&term=6,https://enroll.bkvenergy.com/?promo=PTCALL0001
35590,Digital Choice 8,RHYTHM,AEP_CENTRAL,FIXED,8,14.7,14.799999999999999,14.899999999999999,0.0,,100,False,False,"Secure a 100% renewable electricity plan. | Enjoy Fair-for-All Pricing, with No Hidden Fees! | Access local Texas customer care 7 days a week. | Save on your bill with Rhythm Rewards. | Call us at 1-877-649-0441 and sign up today!",https://api.gotrhythm.com/api/pricing/offers/latest-offers-efl/18469/?locale=en,https://gotrhythm.com/?rcid=power-to-choose&utm_source=powertochoose&utm_campaign=aep-central&utm_medium=state-shopping&utm_term=DC8
35596,Digital Choice 4,RHYTHM,AEP_CENTRAL,FIXED,4,11.600000000000001,11.799999999999999,11.799999999999999,0.0,,100,False,False,"Secure a 100% renewable electricity plan. | Enjoy Fair-for-All Pricing, with No Hidden Fees! | Access local Texas customer care 7 days a week. | Save on your bill with Rhythm Rewards. | Call us at 1-877-649-0441 and sign up today!",https://api.gotrhythm.com/api/pricing/offers/latest-offers-efl/18321/?locale=en,https://gotrhythm.com/?rcid=power-to-choose&utm_source=powertochoose&utm_campaign=aep-central&utm_medium=state-shopping&utm_term=DC4
35602,No Bull 4,Energy Texas,AEP_CENTRAL,FIXED,4,11.600000000000001,11.799999999999999,11.799999999999999,0.0,,100,False,False,"Straightforward, no B.S. fixed-rate plans built by Texans, for Texans. | Call us at 1-888-512-0330 and sign up today!",https://api.energytexas.com/api/pricing/offers/latest-offers-efl/18247/?locale=en,https://www.energytexas.com/?rcid=power-to-choose&utm_source=powertochoose&utm_campaign=aep-central&utm_medium=state-shopping&utm_term=NB4
35608,No Bull 8,Energy Texas,AEP_CENTRAL,FIXED,8,14.7,14.799999999999999,14.899999999999999,0.0,,100,False,False,"Straightforward, no B.S. fixed-rate plans built by Texans, for Texans. | Call us at 1-888-512-0330 and sign up today!",https://api.energytexas.com/api/pricing/offers/latest-offers-efl/18395/?locale=en,https://www.energytexas.com/?rcid=power-to-choose&utm_source=powertochoose&utm_campaign=aep-central&utm_medium=state-shopping&utm_term=NB8
35618,Daisy 4,BKV Energy,AEP_CENTRAL,FIXED,4,13.0,12.7,12.5,0.0,,29,False,False,"Simple and affordable fixed-rate electricity with no hidden fees like base charges, usage fees, setup fees, or bundle fees. Plus, no gimmicks or confusing fine print. This plan is for new customers only who enroll through the Power To Choose website. Sign up today!",https://enroll.bkvenergy.com/Home/EFL?productCode=RN00085569&promo=&term=4,https://enroll.bkvenergy.com/?promo=PTCALL0001
35557,Bright Start 4 - $25 credit on your first bill!,HERITAGE POWER LLC,AEP_CENTRAL,FIXED,4,13.200000000000001,12.9,12.7,0.0,75.0,25,False,False,*Sign up today & get $25 on your first bill!*Autopay & E-billing Required,https://signup.heritagepower.com/Home/EFl?productId=6170,https://signup.heritagepower.com/Home/index?ProductCode=RN04000003&Promo=PTC
35627,Straight Forward 3,Abundance Energy,AEP_CENTRAL,FIXED,3,13.4,12.6,12.2,0.0,150.0,25,False,False,Go to Abundance Energy website to see all plans and term lengths.,https://api.quextenergy.onproton.io/enrollment/document?template_bucket=abundance-product-templates&template_file=tx/Straightforward_EFL.docx&rate_id=10056,https://join.abundanceenergy.com/?promoCode=PTC
35650,Smart Secure 6,AE TEXAS,AEP_CENTRAL,FIXED,6,13.100000000000001,12.8,12.6,0.0,,35,False,False,"Experience peace of mind with our Smarter Secure plan, offering a fixed energy rate and transparent TDU charges passed through with NO MARKUP. No hidden fees, minimum usage, or gimmicks.",https://enroll.aetexasco.com/EmailHTML/efl.aspx?RateID=1910&BrandID=1&PromoCodeID=114,https://enroll.aetexasco.com/Enrollment/Default.aspx?&promoCode=AETXPTC1
35669,Bright Nights 18,CHARIOT ENERGY,AEP_CENTRAL,FIXED,18,14.6,13.3,12.7,0.0,,100,False,True,"Sign-up today and receive regret-free 100% clean renewable energy at prices competitive to traditional power. We’re committed to providing our customers transparency, simplicity and clean energy backed by world class customer experience.• This product requires Autopay & E-bill set up.",https://signup.chariotenergy.com//Home/EFl?productId=41635,https://signup.chariotenergy.com//Home/index?ProductCode=RRT18001319&Promo=GqAtunAVIGY=
35675,Octo Green 10,Octopus Energy,AEP_CENTRAL,FIXED,10,15.8,15.5,15.4,0.0,150.0,100,False,False,Unlock our 10-month fixed-rate plan with 100% renewable electricity. Enjoy price stability and a shorter commitment.,https://octopusenergy.com/efl?id=439&service-provider=AEP_TCC&load-zone=LZ_SOUTH&lang=en,https://octopusenergy.com/affiliate/ptc
35687,Octopus Lite 12,Octopus Energy,AEP_CENTRAL,FIXED,12,23.599999999999998,11.0,17.0,0.0,150.0,100,False,False,"A simple 12-month fixed-rate plan designed for lighter energy users. Use 1,000 kWh or more in a billing cycle and you’ll automatically get a $100 usage credit toward your bill. No base charges, 100% renewable power, and transparent pricing. Early termination fee applies.",https://octopusenergy.com/efl?id=406&service-provider=AEP_TCC&load-zone=LZ_SOUTH&lang=en,https://octopusenergy.com/affiliate/ptc
35723,Octo Simple 6,Octopus Energy LLC,AEP_CENTRAL,FIXED,6,14.499999999999998,14.2,14.000000000000002,0.0,150.0,100,False,False,"Lock in a simple, steady electricity rate for six months. With this short-term fixed plan, you get protection from price swings and no hidden fees or surprises on your bill. 100% renewable energy included, backed by Octopus Energy’s award-winning customer service.",https://octopusenergy.com/efl?id=505&service-provider=AEP_TCC&load-zone=LZ_SOUTH&lang=en,https://octopusenergy.com/affiliate/ptc
35735,Octo Simple 8,Octopus Energy LLC,AEP_CENTRAL,FIXED,8,15.2,14.899999999999999,14.7,0.0,150.0,100,False,False,Lock in a fixed electricity rate for 8 months with 100% renewable power. Enjoy stability through the seasons with no hidden fees or surprises on your bill — backed by Octopus Energy’s award-winning customer service.,https://octopusenergy.com/efl?id=473&service-provider=AEP_TCC&load-zone=LZ_SOUTH&lang=en,https://octopusenergy.com/affiliate/ptc
35773,Companion + Perks 12,Companion Energy,AEP_CENTRAL,FIXED,12,14.099999999999998,13.700000000000001,13.600000000000001,0.0,150.0,30,False,False,"FREE Pet Benefits! | Companion Energy customers get 24/7 Airvet virtual vet service (a $420/year value) and 25% off in-person vet visits at participating in-network vet clinics, FREE with every Companion Energy electricity plan. | This offer is for new customers only who enroll through the Power to Choose website.",https://eflviewer.companionenergy.com/eflviewer.aspx?lang=EN&prodcode=CEPERK12&tdspcode=AEP_CENT,https://newenroll.companionenergy.com/?refid=PTCPERKS12&ul=1000&tdsp=AEP_CENT&utm_source=power_to_choose&utm_medium=referral&utm_campaign=PTC-PTCPERKS12&utm_content=AEP_CENT&utm_term=additional_info
35805,Free Nights 6,CleanSky Energy,AEP_CENTRAL,FIXED,6,14.799999999999999,14.499999999999998,14.299999999999999,0.0,100.0,100,False,True,This plan is for new customers only. Autopay is required. Please enroll through the PowertoChoose sign up link. Have a question about a plan or need help placing an order? Call us: 1-888-733-5557 | Email us: CustomerCare@CleanSkyEnergy.com,https://rates.titangasandpower.com/Frontend/DownloadDoc?path=b581ef76-b4a1-4374-9c74-d6cc57c10b85.html&id_plan=550613,https://signup.cleanskyenergy.com/rates?utility_id=114&promocode=PTCHOOSETX
35823,Digital Choice 36,RHYTHM,AEP_CENTRAL,FIXED,36,14.7,14.799999999999999,14.899999999999999,0.0,,100,False,False,"Secure a 100% renewable electricity plan. | Enjoy Fair-for-All Pricing, with No Hidden Fees! | Access local Texas customer care 7 days a week. | Save on your bill with Rhythm Rewards. | Call us at 1-877-649-0441 and sign up today!",https://api.energytexas.com/api/pricing/offers/latest-offers-efl/18903/?locale=en,https://gotrhythm.com/?rcid=power-to-choose&utm_source=powertochoose&utm_campaign=aep-central&utm_medium=state-shopping&utm_term=DC36
35857,Octo Simple 18,Octopus Energy,AEP_CENTRAL,FIXED,18,15.5,15.2,15.1,0.0,200.0,100,False,False,"Lock in a fixed electricity rate for 18 months with 100% renewable power. Enjoy long-term stability and protection from market ups and downs — with no hidden fees, no surprises, and the friendly, award-winning customer service Octopus Energy is known for.",https://octopusenergy.com/efl?id=538&service-provider=AEP_TCC&load-zone=LZ_SOUTH&lang=en,https://octopusenergy.com/affiliate/ptc
35880,Frontier Power Saver Plus 12,FRONTIER UTILITIES,AEP_CENTRAL,FIXED,12,14.6,13.8,13.4,0.0,150.0,30,False,False,This offer is for new customers only who enroll through the Power to Choose website.,https://eflviewer.frontierutilities.com/eflviewer.aspx?lang=EN&prodcode=FPOWSVRPLS12&tdspcode=AEP_CENT,https://newenroll.frontierutilities.com/?refid=PTCFPSPLS12&ul=1000&tdsp=AEP_CENT
35893,Frontier Power Saver Plus 6,FRONTIER UTILITIES,AEP_CENTRAL,FIXED,6,12.3,11.5,11.1,0.0,150.0,30,False,False,This offer is for new customers only who enroll through the Power to Choose website.,https://eflviewer.frontierutilities.com/eflviewer.aspx?lang=EN&prodcode=FPOWSVRPLS6&tdspcode=AEP_CENT,https://newenroll.frontierutilities.com/?refid=PTCFPSPLS06&ul=1000&tdsp=AEP_CENT
35916,Gexa Eco Choice 6,GEXA ENERGY,AEP_CENTRAL,FIXED,6,12.0,11.600000000000001,11.5,0.0,150.0,100,False,False,Lock in a great fixed rate plan. |Free online bill pay and automatic billing options are also available. |This offer is for customers who enroll through the Power to Choose website.,https://eflviewer.gexaenergy.com/eflviewer.aspx?lang=EN&prodcode=GXAECOCHI6&tdspcode=AEP_CENT,https://newenroll.gexaenergy.com/?refid=PTC_EcoChoice06&ul=1000&tdsp=AEP_CENT
35940,Companion + Perks 6,Companion Energy,AEP_CENTRAL,FIXED,6,11.600000000000001,11.200000000000001,11.1,0.0,150.0,30,False,False,"FREE Pet Benefits! | Companion Energy customers get 24/7 Airvet virtual vet service (a $420/year value) and 25% off in-person vet visits at participating in-network vet clinics, FREE with every Companion Energy electricity plan. | This offer is for new customers only who enroll through the Power to Choose website.",https://eflviewer.companionenergy.com/eflviewer.aspx?lang=EN&prodcode=CEPERK6&tdspcode=AEP_CENT,https://newenroll.companionenergy.com/?refid=PTCPERKS06&ul=1000&tdsp=AEP_CENT&utm_source=power_to_choose&utm_medium=referral&utm_campaign=PTC-PTCPERKS06&utm_content=AEP_CENT&utm_term=additional_info
35958,Choose 12,Texans Choice Power LLC,AEP_CENTRAL,FIXED,12,14.6,14.299999999999999,14.099999999999998,0.0,100.0,35,False,False,,https://signup.texanschoicepower.com/getdocument/?getproductpdf=1&productid=153807&type=EFL&title=153807_EFL&language=english,https://signup.texanschoicepower.com/?PromoCode=PTC
35977,Texas Instant 12,Texans Choice Power LLC,AEP_CENTRAL,FIXED,12,28.999999999999996,14.499999999999998,14.299999999999999,0.0,200.0,35,False,False,,https://signup.texanschoicepower.com/getdocument/?getproductpdf=1&productid=153827&type=EFL_TIEREDPRICING&title=153827_EFL_TIEREDPRICING&language=english,https://signup.texanschoicepower.com/?PromoCode=PTC
35999,Think Simple with Smart Thermostat 5,Think Energy,AEP_CENTRAL,FIXED,5,12.2,12.4,12.5,0.0,200.0,25,False,False,"Connected Thermostat Required, see EFL and Terms of Service for Details",https://thinkenergytx-tmp.s3.us-west-2.amazonaws.com/enrollment-documents/af294324-8bd2-4168-836f-62b08c4baf8c.pdf,https://www.thinkenergy.com/
35988,Choose 6,Texans Choice Power LLC,AEP_CENTRAL,FIXED,6,13.100000000000001,12.8,12.6,0.0,100.0,35,False,False,,https://signup.texanschoicepower.com/getdocument/?getproductpdf=1&productid=153837&type=EFL&title=153837_EFL&language=english,https://signup.texanschoicepower.com/?PromoCode=PTC
36013,Free Nights 12,Texans Choice Power LLC,AEP_CENTRAL,FIXED,12,16.37,16.04,15.879999999999999,0.0,100.0,35,False,True,,https://signup.texanschoicepower.com/getdocument/?getproductpdf=1&productid=153862&type=EFL_TIMEOFUSE&title=153862_EFL_TIMEOFUSE&language=english,https://signup.texanschoicepower.com/?PromoCode=PTC
36023,Stability Fixed 24,NEXTVOLT TEXAS LLC,AEP_CENTRAL,FIXED,24,15.1,14.7,14.6,0.0,149.0,6,False,False,,https://myaccountpage.nextvoltenergy.com/docs/efls/output/20251218_1_SF24-7_AEPCENTRAL_SOUTH_001.pdf,https://www.nextvoltenergy.com/texas/electricity-plans/?cid=PTC20251002065224&mtm_source=PTC&mtm_medium=Referral
36019,Free Nights 12,Texans Choice Power LLC,AEP_NORTH,FIXED,12,18.35,18.02,17.86,0.0,100.0,35,False,True,,https://signup.texanschoicepower.com/getdocument/?getproductpdf=1&productid=153865&type=EFL_TIMEOFUSE&title=153865_EFL_TIMEOFUSE&language=english,https://signup.texanschoicepower.com/?PromoCode=PTC
35855,Free Nights 6,CleanSky Energy,AEP_NORTH,FIXED,6,15.0,14.7,14.499999999999998,0.0,100.0,100,False,True,This plan is for new customers only. Autopay is required. Please enroll through the PowertoChoose sign up link. Have a question about a plan or need help placing an order? Call us: 1-888-733-5557 | Email us: CustomerCare@CleanSkyEnergy.com,https://rates.titangasandpower.com/Frontend/DownloadDoc?path=b581ef76-b4a1-4374-9c74-d6cc57c10b85.html&id_plan=550615,https://signup.cleanskyenergy.com/rates?utility_id=115&promocode=PTCHOOSETX
35994,Choose 6,Texans Choice Power LLC,AEP_NORTH,FIXED,6,14.299999999999999,13.900000000000002,13.8,0.0,100.0,35,False,False,,https://signup.texanschoicepower.com/getdocument/?getproductpdf=1&productid=153840&type=EFL&title=153840_EFL&language=english,https://signup.texanschoicepower.com/?PromoCode=PTC
36001,Think Simple with Smart Thermostat 5,Think Energy,AEP_NORTH,FIXED,5,12.8,13.0,13.100000000000001,0.0,200.0,25,False,False,"Connected Thermostat Required, see EFL and Terms of Service for Details",https://api.thinkenergy.onproton.io/enrollment/get_latest_document?lang=en&product_code=tx.thinksimple.noap.thermostat.fixed&tdsp_id=6&doc_type=EFL&term=5&promo_code=default,https://www.thinkenergy.com/
35983,Texas Instant 12,Texans Choice Power LLC,AEP_NORTH,FIXED,12,33.0,16.5,15.299999999999999,0.0,200.0,35,False,False,,https://signup.texanschoicepower.com/getdocument/?getproductpdf=1&productid=153833&type=EFL_TIEREDPRICING&title=153833_EFL_TIEREDPRICING&language=english,https://signup.texanschoicepower.com/?PromoCode=PTC
35967,Choose 12,Texans Choice Power LLC,AEP_NORTH,FIXED,12,16.1,15.7,15.6,0.0,100.0,35,False,False,,https://signup.texanschoicepower.com/getdocument/?getproductpdf=1&productid=153810&type=EFL&title=153810_EFL&language=english,https://signup.texanschoicepower.com/?PromoCode=PTC
35938,Companion + Perks 6,Companion Energy,AEP_NORTH,FIXED,6,12.5,12.1,12.0,0.0,150.0,30,False,False,"FREE Pet Benefits! | Companion Energy customers get 24/7 Airvet virtual vet service (a $420/year value) and 25% off in-person vet visits at participating in-network vet clinics, FREE with every Companion Energy electricity plan. | This offer is for new customers only who enroll through the Power to Choose website.",https://eflviewer.companionenergy.com/eflviewer.aspx?lang=EN&prodcode=CEPERK6&tdspcode=AEP_NORTH,https://newenroll.companionenergy.com/?refid=PTCPERKS06&ul=1000&tdsp=AEP_NORTH&utm_source=power_to_choose&utm_medium=referral&utm_campaign=PTC-PTCPERKS06&utm_content=AEP_NORTH&utm_term=additional_info
35906,Daisy 6,BKV Energy,AEP_NORTH,FIXED,6,13.100000000000001,12.7,12.6,0.0,,29,False,False,Esta oferta es exclusiva para nuevos clientes que se inscriban a través del sitio web Power to Choose.,https://enroll.bkvenergy.com/Home/EFL?productCode=RN00085560&promo=&term=6&ver=spanish,https://enroll.bkvenergy.com/?promo=PTCALL0001
35914,Gexa Eco Choice 6,GEXA ENERGY,AEP_NORTH,FIXED,6,12.9,12.5,12.4,0.0,150.0,100,False,False,Lock in a great fixed rate plan. |Free online bill pay and automatic billing options are also available. |This offer is for customers who enroll through the Power to Choose website.,https://eflviewer.gexaenergy.com/eflviewer.aspx?lang=EN&prodcode=GXAECOCHI6&tdspcode=AEP_NORTH,https://newenroll.gexaenergy.com/?refid=PTC_EcoChoice06&ul=1000&tdsp=AEP_NORTH
35891,Frontier Power Saver Plus 6,FRONTIER UTILITIES,AEP_NORTH,FIXED,6,13.100000000000001,12.3,11.899999999999999,0.0,150.0,30,False,False,This offer is for new customers only who enroll through the Power to Choose website.,https://eflviewer.frontierutilities.com/eflviewer.aspx?lang=EN&prodcode=FPOWSVRPLS6&tdspcode=AEP_NORTH,https://newenroll.frontierutilities.com/?refid=PTCFPSPLS06&ul=1000&tdsp=AEP_NORTH
35878,Frontier Power Saver Plus 12,FRONTIER UTILITIES,AEP_NORTH,FIXED,12,15.0,14.2,13.8,0.0,150.0,30,False,False,This offer is for new customers only who enroll through the Power to Choose website.,https://eflviewer.frontierutilities.com/eflviewer.aspx?lang=EN&prodcode=FPOWSVRPLS12&tdspcode=AEP_NORTH,https://newenroll.frontierutilities.com/?refid=PTCFPSPLS12&ul=1000&tdsp=AEP_NORTH
35865,Octo Simple 18,Octopus Energy,AEP_NORTH,FIXED,18,18.7,18.4,18.2,0.0,200.0,100,False,False,"Lock in a fixed electricity rate for 18 months with 100% renewable power. Enjoy long-term stability and protection from market ups and downs — with no hidden fees, no surprises, and the friendly, award-winning customer service Octopus Energy is known for.",http://octopusenergy.com/efl?id=538&service-provider=AEP_TNC&load-zone=LZ_WEST&lang=en,https://octopusenergy.com/affiliate/ptc
35825,Digital Choice 36,RHYTHM,AEP_NORTH,FIXED,36,15.0,15.2,15.299999999999999,0.0,,100,False,False,"Secure a 100% renewable electricity plan. | Enjoy Fair-for-All Pricing, with No Hidden Fees! | Access local Texas customer care 7 days a week. | Save on your bill with Rhythm Rewards. | Call us at 1-877-649-0441 and sign up today!",https://api.energytexas.com/api/pricing/offers/latest-offers-efl/18906/?locale=en,https://gotrhythm.com/?rcid=power-to-choose&utm_source=powertochoose&utm_campaign=aep-north&utm_medium=state-shopping&utm_term=DC36
35771,Companion + Perks 12,Companion Energy,AEP_NORTH,FIXED,12,14.499999999999998,14.099999999999998,14.000000000000002,0.0,150.0,30,False,False,"FREE Pet Benefits! | Companion Energy customers get 24/7 Airvet virtual vet service (a $420/year value) and 25% off in-person vet visits at participating in-network vet clinics, FREE with every Companion Energy electricity plan. | This offer is for new customers only who enroll through the Power to Choose website.",https://eflviewer.companionenergy.com/eflviewer.aspx?lang=EN&prodcode=CEPERK12&tdspcode=AEP_NORTH,https://newenroll.companionenergy.com/?refid=PTCPERKS12&ul=1000&tdsp=AEP_NORTH&utm_source=power_to_choose&utm_medium=referral&utm_campaign=PTC-PTCPERKS12&utm_content=AEP_NORTH&utm_term=additional_info
35743,Octo Simple 8,Octopus Energy LLC,AEP_NORTH,FIXED,8,19.0,18.7,18.5,0.0,150.0,100,False,False,"Fija una tarifa fija de electricidad durante 8 meses con energía 100 % renovable. Disfruta de estabilidad durante todas las estaciones, sin cargos ocultos ni sorpresas en tu factura, con el respaldo del galardonado servicio al cliente de Octopus Energy.",https://octopusenergy.com/efl?id=473&service-provider=AEP_TNC&load-zone=LZ_WEST&lang=es,https://octopusenergy.com/es/affiliate/ptc
35732,Octo Simple 6,Octopus Energy LLC,AEP_NORTH,FIXED,6,18.9,18.5,18.4,0.0,150.0,100,False,False,"Fija una tarifa de electricidad simple y estable durante seis meses. Con este plan fijo a corto plazo, te proteges de las fluctuaciones de precio y sin cargos ocultos ni sorpresas en tu factura. Energía 100 % renovable incluida, con el respaldo del galardonado servicio al cliente de Octopus Energy.",https://octopusenergy.com/efl?id=505&service-provider=AEP_TNC&load-zone=LZ_WEST&lang=es,https://octopusenergy.com/es/affiliate/ptc
35696,Octopus Lite 12,Octopus Energy,AEP_NORTH,FIXED,12,28.599999999999998,15.8,21.9,0.0,150.0,100,False,False,"A simple 12-month fixed-rate plan designed for lighter energy users. Use 1,000 kWh or more in a billing cycle and you’ll automatically get a $100 usage credit toward your bill. No base charges, 100% renewable power, and transparent pricing. Early termination fee applies.",https://octopusenergy.com/efl?id=406&service-provider=AEP_TNC&load-zone=LZ_WEST&lang=en,https://octopusenergy.com/affiliate/ptc
35681,Octo Green 10,Octopus Energy,AEP_NORTH,FIXED,10,19.7,19.400000000000002,19.3,0.0,150.0,100,False,False,Unlock our 10-month fixed-rate plan with 100% renewable electricity. Enjoy price stability and a shorter commitment.,https://octopusenergy.com/efl?id=439&service-provider=AEP_TNC&load-zone=LZ_WEST&lang=en,https://octopusenergy.com/affiliate/ptc
35626,Straight Forward 3,Abundance Energy,AEP_NORTH,FIXED,3,13.8,13.0,12.5,0.0,150.0,25,False,False,Go to Abundance Energy website to see all plans and term lengths.,https://api.quextenergy.onproton.io/enrollment/document?template_bucket=abundance-product-templates&template_file=tx/Straightforward_EFL.docx&rate_id=10057,https://join.abundanceenergy.com/?promoCode=PTC
35642,Champ Saver-16,CHAMPION ENERGY SERVICES LLC,AEP_NORTH,FIXED,16,17.0,16.6,16.5,0.0,250.0,26,False,False,,https://docs.championenergyservices.com/ExternalDocs?planname=PN2420&state=TX&language=ES,https://www.championenergyservices.com/Residential/Sign-Up?promo=powertochoose
35667,Bright Nights 18,CHARIOT ENERGY,AEP_NORTH,FIXED,18,15.0,13.600000000000001,13.0,0.0,,100,False,True,"Sign-up today and receive regret-free 100% clean renewable energy at prices competitive to traditional power. We’re committed to providing our customers transparency, simplicity and clean energy backed by world class customer experience.• This product requires Autopay & E-bill set up",https://signup.chariotenergy.com//Home/EFl?productId=41665,https://signup.chariotenergy.com//Home/index?ProductCode=RRT18001318&Promo=GqAtunAVIGY=
35652,Smart Secure 6,AE TEXAS,AEP_NORTH,FIXED,6,13.900000000000002,13.5,13.4,0.0,,35,False,False,"Experience peace of mind with our Smarter Secure plan, offering a fixed energy rate and transparent TDU charges passed through with NO MARKUP. No hidden fees, minimum usage, or gimmicks.",https://enroll.aetexasco.com/EmailHTML/efl.aspx?RateID=1912&BrandID=1&PromoCodeID=114,https://enroll.aetexasco.com/Enrollment/Default.aspx?&promoCode=AETXPTC1
35610,No Bull 8,Energy Texas,AEP_NORTH,FIXED,8,14.499999999999998,14.6,14.7,0.0,,100,False,False,"Straightforward, no B.S. fixed-rate plans built by Texans, for Texans. | Call us at 1-888-512-0330 and sign up today!",https://api.energytexas.com/api/pricing/offers/latest-offers-efl/18429/?locale=en,https://www.energytexas.com/?rcid=power-to-choose&utm_source=powertochoose&utm_campaign=aep-north&utm_medium=state-shopping&utm_term=NB8
35604,No Bull 4,Energy Texas,AEP_NORTH,FIXED,4,12.8,12.9,13.0,0.0,,100,False,False,"Straightforward, no B.S. fixed-rate plans built by Texans, for Texans. | Call us at 1-888-512-0330 and sign up today!",https://api.energytexas.com/api/pricing/offers/latest-offers-efl/18281/?locale=en,https://www.energytexas.com/?rcid=power-to-choose&utm_source=powertochoose&utm_campaign=aep-north&utm_medium=state-shopping&utm_term=NB4
35598,Digital Choice 4,RHYTHM,AEP_NORTH,FIXED,4,12.8,12.9,13.0,0.0,,100,False,False,"Secure a 100% renewable electricity plan. | Enjoy Fair-for-All Pricing, with No Hidden Fees! | Access local Texas customer care 7 days a week. | Save on your bill with Rhythm Rewards. | Call us at 1-877-649-0441 and sign up today!",https://api.gotrhythm.com/api/pricing/offers/latest-offers-efl/18323/?locale=en,https://gotrhythm.com/?rcid=power-to-choose&utm_source=powertochoose&utm_campaign=aep-north&utm_medium=state-shopping&utm_term=DC4
35592,Digital Choice 8,RHYTHM,AEP_NORTH,FIXED,8,14.499999999999998,14.6,14.7,0.0,,100,False,False,"Secure a 100% renewable electricity plan. | Enjoy Fair-for-All Pricing, with No Hidden Fees! | Access local Texas customer care 7 days a week. | Save on your bill with Rhythm Rewards. | Call us at 1-877-649-0441 and sign up today!",https://api.gotrhythm.com/api/pricing/offers/latest-offers-efl/18471/?locale=en,https://gotrhythm.com/?rcid=power-to-choose&utm_source=powertochoose&utm_campaign=aep-north&utm_medium=state-shopping&utm_term=DC8
35525,Straight Forward 6,Abundance Energy,AEP_NORTH,FIXED,6,14.000000000000002,13.200000000000001,12.8,0.0,150.0,25,False,False,Go to Abundance Energy website to see all plans and term lengths.,https://api.quextenergy.onproton.io/enrollment/document?template_bucket=abundance-product-templates&template_file=tx/Straightforward_EFL.docx&rate_id=10033,https://join.abundanceenergy.com/?promoCode=PTC
35545,Bright Nights 4,CHARIOT ENERGY,AEP_NORTH,FIXED,4,12.8,11.4,10.8,0.0,,100,False,True,"Sign-up today and receive regret-free 100% clean renewable energy at prices competitive to traditional power. We’re committed to providing our customers transparency, simplicity and clean energy backed by world class customer experience.• This product requires Autopay & E-bill set up.",https://signup.chariotenergy.com//Home/EFl?productId=41659,https://signup.chariotenergy.com//Home/index?ProductCode=RNR04000046&Promo=GqAtunAVIGY=
35307,Clean Energy 12,Abundance Energy,AEP_NORTH,FIXED,12,16.1,15.299999999999999,14.899999999999999,0.0,150.0,100,False,False,Go to Abundance Energy website to see all plans and term lengths.,https://api.quextenergy.onproton.io/enrollment/document?template_bucket=abundance-product-templates&template_file=tx/CleanEnergy_EFL.docx&rate_id=9874,https://join.abundanceenergy.com/?promoCode=PTC
35314,Smart Secure 36,AE TEXAS,AEP_NORTH,FIXED,36,16.2,15.8,15.7,0.0,,35,False,False,"Experience peace of mind with our Smarter Secure plan, offering a fixed energy rate and transparent TDU charges passed through with NO MARKUP. No hidden fees, minimum usage, or gimmicks.",https://enroll.aetexasco.com/EmailHTML/efl.aspx?RateID=1938&BrandID=1&PromoCodeID=114,https://enroll.aetexasco.com/Enrollment/Default.aspx?&promoCode=AETXPTC1
35285,The Lone Saver 12,Energy Texas,AEP_NORTH,FIXED,12,21.7,11.899999999999999,17.0,0.0,,100,False,False,"Straightforward, no B.S. fixed-rate plans built by Texans, for Texans. | Call us at 1-888-512-0330 and sign up today!",https://api.gotrhythm.com/api/pricing/offers/latest-offers-efl/16992/?locale=en,https://www.energytexas.com/?rcid=power-to-choose&utm_source=powertochoose&utm_campaign=aep-north&utm_medium=state-shopping&utm_term=LS12
35275,Rhythm Saver 12,RHYTHM,AEP_NORTH,FIXED,12,21.7,11.899999999999999,17.0,0.0,,100,False,False,"Secure a 100% renewable electricity plan. | Enjoy Fair-for-All Pricing, with No Hidden Fees! | Access local Texas customer care 7 days a week. | Save on your bill with Rhythm Rewards. | Call us at 1-877-649-0441 and sign up today!",https://api.gotrhythm.com/api/pricing/offers/latest-offers-efl/16793/?locale=en,https://gotrhythm.com/?rcid=power-to-choose&utm_source=powertochoose&utm_campaign=aep-north&utm_medium=state-shopping&utm_term=RS12
35210,SFE RewardsPlus - 12,SFE ENERGY TEXAS INC,AEP_NORTH,FIXED,12,16.6,15.6,15.2,0.0,175.0,35,False,False,"Disfruta tranquilidad y precios predecibles con el Plan SFE RewardsPlus – un plan de electricidad simple y estable, diseñado pensando en usted.  Cada mes, recibirá $50 en dólares de recompensa para gastar en ofertas locales, restaurantes, entretenimiento, compras en línea, tarjetas de regalo y mucho más*. Además, después de 60 días de servicio continuo, puede llamarnos y solicitar sus 4 focos LED gratis*. Es un plan que lo recompensa en cada paso del camino. *Los dólares de recompensa y los focos LED están sujetos a términos y condiciones.",https://empowerdocs.blob.core.windows.net/efldocuments/_2516380517388757521_EFL_SFE%20Residential%20Fixed%20AEPN%2012Spanish.pdf,https://www.sfeenergy.com/texas/
35211,SFE RewardsPlus - 24,SFE ENERGY TEXAS INC,AEP_NORTH,FIXED,24,16.900000000000002,15.9,15.5,0.0,175.0,35,False,False,"Disfruta tranquilidad y precios predecibles con el Plan SFE RewardsPlus – un plan de electricidad simple y estable, diseñado pensando en usted.  Cada mes, recibirá $50 en dólares de recompensa para gastar en ofertas locales, restaurantes, entretenimiento, compras en línea, tarjetas de regalo y mucho más*. Además, después de 60 días de servicio continuo, puede llamarnos y solicitar sus 4 focos LED gratis*. Es un plan que lo recompensa en cada paso del camino. *Los dólares de recompensa y los focos LED están sujetos a términos y condiciones.",https://empowerdocs.blob.core.windows.net/efldocuments/_2516380517323958502_EFL_SFE%20Residential%20Fixed%20AEPN%2024Spanish.pdf,https://www.sfeenergy.com/texas/
35213,SFE RewardsPlus - 36,SFE ENERGY TEXAS INC,AEP_NORTH,FIXED,36,17.1,16.1,15.7,0.0,175.0,35,False,False,"Disfruta tranquilidad y precios predecibles con el Plan SFE RewardsPlus – un plan de electricidad simple y estable, diseñado pensando en usted.  Cada mes, recibirá $50 en dólares de recompensa para gastar en ofertas locales, restaurantes, entretenimiento, compras en línea, tarjetas de regalo y mucho más*. Además, después de 60 días de servicio continuo, puede llamarnos y solicitar sus 4 focos LED gratis*. Es un plan que lo recompensa en cada paso del camino. *Los dólares de recompensa y los focos LED están sujetos a términos y condiciones.",https://empowerdocs.blob.core.windows.net/efldocuments/_2516380517678359208_EFL_SFE%20Residential%20Fixed%20AEPN%2036Spanish.pdf,https://www.sfeenergy.com/texas/
35253,OctopusFlex,Octopus Energy,AEP_NORTH,FIXED,12,19.400000000000002,19.1,18.9,0.0,150.0,100,False,True,"Octopus Flex es un plan de electricidad 100 % renovable con horario de uso que te recompensa con tarifas más bajas por usar energía fuera de las horas punta (22:00 a 6:00). Ahorrarás aún más en primavera y otoño, cuando la energía es más limpia y económica. Modifica tu consumo, como usar electrodomésticos o cargar tu vehículo eléctrico por la noche, y disfruta de grandes ahorros mientras contribuyes a una red más ecológica.",https://octopusenergy.com/efl?id=373&service-provider=AEP_TNC&load-zone=LZ_WEST&lang=es,https://octopusenergy.com/es/affiliate/ptc
35080,Reliable Fixed 12,NEXTVOLT TEXAS LLC,AEP_NORTH,FIXED,12,17.5,17.1,17.0,0.0,149.0,6,False,False,,https://myaccountpage.nextvoltenergy.com/docs/efls/output/20251218_1_RF12-134_AEPNORTH_WEST_001.pdf,https://www.nextvoltenergy.com/texas/electricity-plans/?cid=PTC20251002065224&mtm_source=PTC&mtm_medium=Referral
35076,Digital Choice 12,RHYTHM,AEP_NORTH,FIXED,12,14.099999999999998,14.299999999999999,14.399999999999999,0.0,,100,False,False,"Secure a 100% renewable electricity plan. | Enjoy Fair-for-All Pricing, with No Hidden Fees! | Access local Texas customer care 7 days a week. | Save on your bill with Rhythm Rewards. | Call us at 1-877-649-0441 and sign up today!",https://api.gotrhythm.com/api/pricing/offers/latest-offers-efl/16287/?locale=en,https://gotrhythm.com/?rcid=power-to-choose&utm_source=powertochoose&utm_campaign=aep-north&utm_medium=state-shopping&utm_term=DC12
34801,Daisy 18,BKV Energy,AEP_NORTH,FIXED,18,14.2,13.900000000000002,13.700000000000001,0.0,,29,False,False,Esta oferta es exclusiva para nuevos clientes que se inscriban a través del sitio web Power to Choose.,https://enroll.bkvenergy.com/Home/EFL?productCode=RN00027075&promo=&term=18&ver=spanish,https://enroll.bkvenergy.com/?promo=PTCALL0001
34869,Discount Nights 12,Discount Power,AEP_NORTH,FIXED,12,18.4,18.099999999999998,17.9,0.0,150.0,24,False,True,Facturacion electronica y pago automatico con targeta de credito / targeta de debito o cuenta bancaria. Esta oferta es solo para nuevos clientes que se inscriban a traves de Power to Choose o utilizando el codigo de promocion especial; Codigo de promocion necesario: WQ4131.,https://www.discountpowertx.com/defl/M1F00180040154A.pdf,https://shop.discountpowertx.com/offer-selection/?txtPromocode=WQ4131&tdspCode=D0005&fromLP=ptc&sid=APTC_1686090020&utm_campaign=Power+To+Choose+Listings&utm_medium=PTC_&utm_source=None
34900,No Bull 12,Energy Texas,AEP_NORTH,FIXED,12,14.099999999999998,14.299999999999999,14.399999999999999,0.0,,100,False,False,"Straightforward, no B.S. fixed-rate plans built by Texans, for Texans. | Call us at 1-888-512-0330 and sign up today!",https://api.energytexas.com/api/pricing/offers/latest-offers-efl/12675/?locale=en,https://www.energytexas.com/?rcid=power-to-choose&utm_source=powertochoose&utm_campaign=aep-north&utm_medium=state-shopping&utm_term=NB12
34920,No Bull 36,Energy Texas,AEP_NORTH,FIXED,36,15.5,15.6,15.7,0.0,,100,False,False,"Straightforward, no B.S. fixed-rate plans built by Texans, for Texans. | Call us at 1-888-512-0330 and sign up today!",https://api.energytexas.com/api/pricing/offers/latest-offers-efl/12911/?locale=en,https://www.energytexas.com/?rcid=power-to-choose&utm_source=powertochoose&utm_campaign=aep-north&utm_medium=state-shopping&utm_term=NB36
34862,Discount Nights 24,Discount Power,AEP_NORTH,FIXED,24,19.0,18.7,18.5,0.0,295.0,24,False,True,Facturacion electronica y pago automatico con targeta de credito / targeta de debito o cuenta bancaria. Esta oferta es solo para nuevos clientes que se inscriban a traves de Power to Choose o utilizando el codigo de promocion especial; Codigo de promocion necesario: WQ4131.,https://www.discountpowertx.com/defl/M1F00171858137B.pdf,https://shop.discountpowertx.com/offer-selection/?txtPromocode=WQ4131&tdspCode=D0005&fromLP=ptc&sid=APTC_1686090020&utm_campaign=Power+To+Choose+Listings&utm_medium=PTC_&utm_source=None
34745,Bright Nights 36,CHARIOT ENERGY,AEP_NORTH,FIXED,36,15.7,14.399999999999999,13.8,0.0,,100,False,True,"Sign-up today and receive regret-free 100% clean renewable energy at prices competitive to traditional power. We’re committed to providing our customers transparency, simplicity and clean energy backed by world class customer experience.• This product requires Autopay & E-bill set up.",https://signup.chariotenergy.com//Home/EFl?productId=41272,https://signup.chariotenergy.com//Home/index?ProductCode=RNR36002713&Promo=GqAtunAVIGY=
34733,Bright Nights 24,CHARIOT ENERGY,AEP_NORTH,FIXED,24,15.6,14.299999999999999,13.700000000000001,0.0,,100,False,True,"Sign-up today and receive regret-free 100% clean renewable energy at prices competitive to traditional power. We’re committed to providing our customers transparency, simplicity and clean energy backed by world class customer experience.• This product requires Autopay & E-bill set up.",https://signup.chariotenergy.com//Home/EFl?productId=41638,https://signup.chariotenergy.com//Home/index?ProductCode=RNR24001669&Promo=GqAtunAVIGY=
34723,Bright Nights 12,CHARIOT ENERGY,AEP_NORTH,FIXED,12,15.0,13.600000000000001,13.0,0.0,,100,False,True,"Sign-up today and receive regret-free 100% clean renewable energy at prices competitive to traditional power. We’re committed to providing our customers transparency, simplicity and clean energy backed by world class customer experience.• This product requires Autopay & E-bill set up.",https://signup.chariotenergy.com//Home/EFl?productId=41632,https://signup.chariotenergy.com//Home/index?ProductCode=RNR12002710&Promo=GqAtunAVIGY=
34700,Think Clean 12 with Smart Thermostat Connected,Think Energy,AEP_NORTH,FIXED,12,14.499999999999998,14.7,14.799999999999999,0.0,200.0,100,False,False,"Connected Thermostat Required, see EFL and Terms of Service for Details",https://docs.cloud.thinkenergy.com/EFL/?term=12&duns=007923311&product=tx.thinkclean.noap.fixed.thermostat&lang=en,https://www.thinkenergy.com/?utm_source=rateboard&utm_medium=referral&utm_campaign=texas
34690,Daisy 13,BKV Energy,AEP_NORTH,FIXED,13,14.799999999999999,14.499999999999998,14.299999999999999,0.0,,29,False,False,Esta oferta es exclusiva para nuevos clientes que se inscriban a través del sitio web Power to Choose.,https://enroll.bkvenergy.com/Home/EFL?productCode=RN00013529&term=13&ver=spanish,https://enroll.bkvenergy.com/?promo=PTCALL0001
34623,Lone Star Classic 12,AMBIT ENERGY,AEP_NORTH,FIXED,12,21.099999999999998,19.7,19.1,0.0,199.0,3,False,False,Hay un crédito mensual de E-Plan disponible para este producto al inscribirse con éxito en los programas de Facturación electrónica y de Pagos recurrentes de Ambit Energy cuando se inscribe para nuevo servicio. Consulte la etiqueta de datos de electricidad para obtener más información sobre descuentos y requisitos de inscripción.,https://shopping.ambitenergy.com/PDFGenerator?formType=EnergyFactsLabel&comProdId=TNAMLSCLSC12AA&tdsp=AEPTNC&lang=sp&custClass=Residential,http://www.ambitenergy.com
34485,Think Clean 36,Think Energy,AEP_NORTH,FIXED,36,17.4,16.6,16.1,0.0,200.0,100,False,False,New Customers Only. Autopay is Required.,https://docs.cloud.thinkenergy.com/EFL/?term=36&duns=007923311&product=tx.thinkclean.ap.fixed&lang=en,https://www.thinkenergy.com/?utm_source=rateboard&utm_medium=referral&utm_campaign=texas
34478,Think Clean 12,Think Energy,AEP_NORTH,FIXED,12,16.5,15.7,15.299999999999999,0.0,200.0,100,False,False,Solo para nuevos clientes,https://docs.cloud.thinkenergy.com/EFL/?term=12&duns=007923311&product=tx.thinkclean.noap.fixed&lang=es,
34451,Think Simple 5,Think Energy,AEP_NORTH,FIXED,5,14.799999999999999,14.000000000000002,13.600000000000001,0.0,200.0,25,False,False,Solo para nuevos clientes.,https://api.thinkenergy.onproton.io/enrollment/get_latest_document?lang=es&product_code=tx.thinksimple.noap.fixed&tdsp_id=6&doc_type=EFL&term=5&promo_code=default,https://www.thinkenergy.com/?utm_source=rateboard&utm_medium=referral&utm_campaign=texas
34407,No Gimmicks 12,Budget Power,AEP_NORTH,FIXED,12,14.099999999999998,13.700000000000001,13.600000000000001,0.0,100.0,35,False,False,Promo Code PTC,https://signup.budgetpowertx.com/Home/EFL?productId=33612&Promo=,https://signup.budgetpowertx.com/Home/index?ProductCode=RN12000012&Promo=PTC
34408,No Gimmicks 18,Budget Power,AEP_NORTH,FIXED,18,14.2,13.8,13.700000000000001,0.0,125.0,35,False,False,,https://signup.budgetpowertx.com/Home/EFL?productId=33613&Promo=,https://signup.budgetpowertx.com/Home/index?ProductCode=RN18000008&Promo=PTC
34409,No Gimmicks 24,Budget Power,AEP_NORTH,FIXED,24,15.0,14.6,14.499999999999998,0.0,175.0,35,False,False,Promo Code PTC,https://signup.budgetpowertx.com/Home/EFL?productId=33577&Promo=,https://signup.budgetpowertx.com/Home/index?ProductCode=RN24000017&Promo=PTC
34410,No Gimmicks 36,Budget Power,AEP_NORTH,FIXED,36,15.0,14.6,14.499999999999998,0.0,250.0,35,False,False,Promo Code PTC,https://signup.budgetpowertx.com/Home/EFL?productId=33578&Promo=,https://signup.budgetpowertx.com/Home/index?ProductCode=RN36000013&Promo=PTC
34382,Confident Renter 12,Abundance Energy,AEP_NORTH,FIXED,12,15.0,14.7,14.499999999999998,0.0,150.0,25,False,False,Go to Abundance Energy website to see all plans and term lengths.,https://api.quextenergy.onproton.io/enrollment/document?template_bucket=abundance-product-templates&template_file=tx/ConfidentRenter_EFL.docx&rate_id=9880,https://join.abundanceenergy.com/?promoCode=PTC
34342,Essential Infusion 36,INFUSE ENERGY,AEP_NORTH,FIXED,36,16.0,15.5,15.2,0.0,375.0,26,False,False,"Affordable, hassle-free energy from Infuse Energy, the company that has your back. Offer only available for new Infuse Energy customers. This plan is not eligible to be used in conjunction with any referral or promotional codes.",https://88fd201f32c53c2bd0fb-11ba98ed637230a2314ec7c228a44bda.ssl.cf5.rackcdn.com/202601/EFL-20260107-144900-AEPW-Essential Infusion 36 (Spanish).pdf,https://www.infuseenergy.com/signup/signup-step1/?id=1623009&promotion=NONE&valid=N&referral=&landingpage=ptc
33614,Basics PTC - 24,JUST ENERGY,AEP_NORTH,FIXED,24,17.9,17.5,17.4,0.0,175.0,31,False,False,"Ask for our PTC rates. Lock in your energy rate with no Base Charges, no Minimum Use fees or Payment fees! Transmission and distribution charges passed through at cost. Please refer to the Electricity Facts Label for additional details. Call our Customer Hotline at (866) 327-0821 to sign up today!",https://webs.justenergydeals.com/Generate_Docs/Generate_EflLinks.aspx?RID=d9W6ZF17yOI=&RCID=gNASPlhlupI=&L=jfm4E/YMcQk=,https://justenergy.com/affiliatepartner/ptc/?utm_source=powertochoose&utm_medium=referral&utm_campaign=LT
34302,Essential Infusion 24,INFUSE ENERGY,AEP_NORTH,FIXED,24,15.9,15.4,15.1,0.0,300.0,26,False,False,"Affordable, hassle-free energy from Infuse Energy, the company that has your back. Offer only available for new Infuse Energy customers. This plan is not eligible to be used in conjunction with any referral or promotional codes.",https://88fd201f32c53c2bd0fb-11ba98ed637230a2314ec7c228a44bda.ssl.cf5.rackcdn.com/202601/EFL-20260107-144900-AEPW-Essential Infusion 24 (Spanish).pdf,https://www.infuseenergy.com/signup/signup-step1/?id=1623004&promotion=NONE&valid=N&referral=&landingpage=ptc
34222,Essential Infusion 12,INFUSE ENERGY,AEP_NORTH,FIXED,12,15.0,14.399999999999999,14.2,0.0,200.0,26,False,False,"Affordable, hassle-free energy from Infuse Energy, the company that has your back. Offer only available for new Infuse Energy customers. This plan is not eligible to be used in conjunction with any referral or promotional codes.",https://88fd201f32c53c2bd0fb-11ba98ed637230a2314ec7c228a44bda.ssl.cf5.rackcdn.com/202601/EFL-20260107-144900-AEPW-Essential Infusion 12 (Spanish).pdf,https://www.infuseenergy.com/signup/signup-step1/?id=1622989&promotion=NONE&valid=N&referral=&landingpage=ptc
34141,Essential Infusion 6,INFUSE ENERGY,AEP_NORTH,FIXED,6,13.0,12.5,12.2,0.0,150.0,26,False,False,"Affordable, hassle-free energy from Infuse Energy, the company that has your back. Offer only available for new Infuse Energy customers. This plan is not eligible to be used in conjunction with any referral or promotional codes.",https://88fd201f32c53c2bd0fb-11ba98ed637230a2314ec7c228a44bda.ssl.cf5.rackcdn.com/202601/EFL-20260107-144900-AEPW-Essential Infusion 6 (Spanish).pdf,https://www.infuseenergy.com/signup/signup-step1/?id=1623019&promotion=NONE&valid=N&referral=&landingpage=ptc
34063,Essential Infusion 3,INFUSE ENERGY,AEP_NORTH,FIXED,3,12.0,11.5,11.200000000000001,0.0,100.0,26,False,False,"Affordable, hassle-free energy from Infuse Energy, the company that has your back. Offer only available for new Infuse Energy customers. This plan is not eligible to be used in conjunction with any referral or promotional codes.",https://88fd201f32c53c2bd0fb-11ba98ed637230a2314ec7c228a44bda.ssl.cf5.rackcdn.com/202601/EFL-20260107-144900-AEPW-Essential Infusion 3 (Spanish).pdf,https://www.infuseenergy.com/signup/signup-step1/?id=1623014&promotion=NONE&valid=N&referral=&landingpage=ptc
33754,Value Edge 12,TXU ENERGY,AEP_NORTH,FIXED,12,21.3,14.899999999999999,20.0,0.0,150.0,3,False,False,"El precio real promedio por kWh para el servicio de electricidad dependerá de su consumo. La única circunstancia en la que el precio podría cambiar durante el plazo mínimo de 12 meses sería para reflejar cambios reales en las leyes o cargos reglamentarios, como se describen en la EFL.",https://residential.txu.com/Handlers/PDFGenerator.ashx?comProdId=TNX50VALED12AC&lang=es&formType=EnergyFactsLabel&custClass=3&tdsp=AEPTNC,https://www.txu.com/ptc/valueedge12
33755,Simple Value 12,TXU ENERGY,AEP_NORTH,FIXED,12,18.9,17.5,16.900000000000002,0.0,150.0,3,False,False,"El precio real promedio por kWh para el servicio de electricidad dependerá de su consumo. La única circunstancia en la que el precio podría cambiar durante el plazo mínimo de 12 meses sería para reflejar cambios reales en las leyes o cargos reglamentarios, como se describen en la EFL.",https://residential.txu.com/Handlers/PDFGenerator.ashx?comProdId=TNXSIMVL1212BE&lang=es&formType=EnergyFactsLabel&custClass=3&tdsp=AEPTNC,https://www.txu.com/ptc/simplevalue12
31987,Basics PTC - 24,TARA ENERGY,AEP_NORTH,FIXED,24,17.9,17.5,17.4,0.0,175.0,31,False,False,"Ask for our PTC rates. Lock in your energy rate with no Base Charges, no Minimum Use fees or Payment fees! Transmission and distribution charges passed through at cost. Please refer to the Electricity Facts Label for additional details. Call our Customer Hotline at (866) 327-0880 to sign up today!",https://webs.taraenergy.com/Generate_Docs/Generate_EflLinks.aspx?RID=zdVg5Zt/4FY=&RCID=cacW2cvK/I0=&L=jfm4E/YMcQk=,https://taraenergy.com/ptc/?utm_source=powertochoose&utm_medium=referral&utm_campaign=LT
33462,TrueClassic 3,AP GAS & ELECTRIC (TX) LLC,AEP_NORTH,FIXED,3,12.9,12.6,12.4,0.0,150.0,6,False,False,Lock in a straightforward fixed rate plan that gives you price security for the next 3 months. Flexible. Affordable. Energy. That's APG&E!,https://artemis-api.apge.com/api/v1/document?documentId=73&offerCode=SRBTX_AEN_NA_NA_RES_FPR_SD0_T3_NEW,https://www.apge.com/enroll#/offer?offerCode=SRBTX_AEN_NA_NA_RES_FPR_SD0_T3_NEW&deploymentName=TX%20State%20Rate%20Board
33346,TrueClassic 24,AP GAS & ELECTRIC (TX) LLC,AEP_NORTH,FIXED,24,15.5,15.2,15.0,0.0,250.0,6,False,False,Lock in a straightforward fixed rate plan that gives you price security for the next 24 months. Flexible. Affordable. Energy. That's APG&E!,https://artemis-api.apge.com/api/v1/document?documentId=73&offerCode=SRBTX_AEN_NA_NA_RES_FPR_SD0_T24_NEW,https://www.apge.com/enroll#/offer?offerCode=SRBTX_AEN_NA_NA_RES_FPR_SD0_T24_NEW&deploymentName=TX%20State%20Rate%20Board
33088,Daisy 3,BKV Energy,AEP_NORTH,FIXED,3,12.9,12.6,12.4,0.0,,29,False,False,"Simple and affordable fixed-rate electricity with no hidden fees like base charges, usage fees, setup fees, or bundle fees. Plus, no gimmicks or confusing fine print. This plan is for new customers only who enroll through the Power To Choose website. Sign up today!",https://enroll.bkvenergy.com/Home/EFL?productCode=RN00002433&term=3,https://enroll.bkvenergy.com/?promo=PTCALL0001
33097,Daisy 3,BKV Energy,AEP_NORTH,FIXED,0,12.9,12.6,12.4,0.0,,29,False,False,Esta oferta es exclusiva para nuevos clientes que se inscriban a través del sitio web Power to Choose.,https://enroll.bkvenergy.com/Home/EFL?productCode=RN00002433&term=3,https://enroll.bkvenergy.com/?promo=PTCALL0001
33194,TrueClassic 12,AP GAS & ELECTRIC (TX) LLC,AEP_NORTH,FIXED,12,15.1,14.7,14.6,0.0,200.0,6,False,False,Lock in a straightforward fixed rate plan that gives you price security for the next 12 months. Flexible. Affordable. Energy. That's APG&E!,https://artemis-api.apge.com/api/v1/document?documentId=73&offerCode=TXSRB12_AEN_NA_NA_RES_FPR_SD0_T12_NEW,https://www.apge.com/enroll#/offer?offerCode=TXSRB12_AEN_NA_NA_RES_FPR_SD0_T12_NEW&deploymentName=TX%20State%20Rate%20Board
31975,Basics PTC - 24,AMIGO ENERGY,AEP_NORTH,FIXED,24,17.9,17.5,17.4,0.0,175.0,31,False,False,"Ask for our PTC rates. Lock in your energy rate with no Base Charges, no Minimum Use fees or Payment fees! Transmission and distribution charges passed through at cost. Please refer to the Electricity Facts Label for additional details. Call our Customer Hotline at (866) 327-0839 to sign up today!",https://webs.amigoenergy.com/Generate_Docs/Generate_EflLinks.aspx?RID=KoZWbD3dNI4=&RCID=rv5fvOkFHh4=&L=jfm4E/YMcQk=,https://amigoenergy.com/lp/ptc/?utm_source=powertochoose&utm_medium=referral&utm_campaign=LT
31962,Basics PTC - 60,JUST ENERGY,AEP_NORTH,FIXED,60,17.9,17.5,17.4,0.0,175.0,31,False,False,"Ask for our PTC rates. Lock in your energy rate with no Base Charges, no Minimum Use fees or Payment fees! Transmission and distribution charges passed through at cost. Please refer to the Electricity Facts Label for additional details. Call our Customer Hotline at (866) 327-0821 to sign up today!",https://webs.justenergydeals.com/Generate_Docs/Generate_EflLinks.aspx?RID=JeLj3Asxp+g=&RCID=gNASPlhlupI=&L=jfm4E/YMcQk=,https://justenergy.com/affiliatepartner/ptc/?utm_source=powertochoose&utm_medium=referral&utm_campaign=LT
31523,Simple Green 12,TRIEAGLE ENERGY LP,AEP_NORTH,FIXED,12,18.8,18.3,18.0,0.0,,100,False,False,"Por favor, lea atentamente los terminos y condiciones. No tenemos un minimo mensual, ni cargos extras de medidores AMS, y sin trucos o trampas.",https://shopping.trieagleenergy.com/PDFGenerator?formType=EnergyFactsLabel&comProdId=TNXTESMGRNC12AA&tdsp=AEPTNC&lang=es&custClass=Residential,https://www.trieagleenergy.com/PTC
31919,Straight Forward 12,Abundance Energy,AEP_NORTH,FIXED,12,15.6,14.799999999999999,14.399999999999999,0.0,150.0,25,False,False,Go to Abundance Energy website to see all plans and term lengths.,https://api.quextenergy.onproton.io/enrollment/document?template_bucket=abundance-product-templates&template_file=tx/Straightforward_EFL.docx&rate_id=9887,https://join.abundanceenergy.com/?promoCode=PTC
31710,Gexa Eco Choice Plus 6,GEXA ENERGY,AEP_NORTH,FIXED,6,13.3,12.5,12.1,0.0,150.0,100,False,False,Lock in a great fixed rate plan. |Free online bill pay and automatic billing options are also available. |This offer is for customers who enroll through the Power to Choose website.,https://eflviewer.gexaenergy.com/eflviewer.aspx?lang=EN&prodcode=GXAECOCHIPLS6&tdspcode=AEP_NORTH,https://newenroll.gexaenergy.com/?refid=PTC_EcoChoicePls06&ul=1000&tdsp=AEP_NORTH
31513,Simple Green 36,TRIEAGLE ENERGY LP,AEP_NORTH,FIXED,36,19.2,18.7,18.4,0.0,,100,False,False,"Por favor, lea atentamente los terminos y condiciones. No tenemos un minimo mensual, ni cargos extras de medidores AMS, y sin trucos o trampas.",https://shopping.trieagleenergy.com/PDFGenerator?formType=EnergyFactsLabel&comProdId=TNXTESMGRNC36AA&tdsp=AEPTNC&lang=es&custClass=Residential,https://www.trieagleenergy.com/PTC
31812,PTC 12 Month - Postpaid,PAYLESS POWER,AEP_NORTH,FIXED,12,17.9,17.5,17.4,0.0,199.0,26,False,False,Fixed Price for 12 months.  No deposit with approved credit.,https://paylesspower.com/files/92_4_eng.pdf,https://paylesspower.com/?affiliate=487447&planType=2
31814,PTC 6 Month - Postpaid,PAYLESS POWER,AEP_NORTH,FIXED,6,16.900000000000002,16.5,16.400000000000002,0.0,149.0,26,False,False,Fixed Price for 6 months.  No deposit with approved credit.,https://paylesspower.com/files/93_4_eng.pdf,https://paylesspower.com/?affiliate=487447&planType=2
31816,PTC 3 Month - Postpaid,PAYLESS POWER,AEP_NORTH,FIXED,3,17.2,16.8,16.7,0.0,99.0,26,False,False,Fixed Price for 3 months.  No deposit with approved credit.,https://paylesspower.com/files/94_4_eng.pdf,https://paylesspower.com/?affiliate=487447&planType=2
31501,Simple Savings 12,TRIEAGLE ENERGY LP,AEP_NORTH,FIXED,12,17.8,17.299999999999997,17.0,0.0,,3,False,False,"Por favor, lea atentamente los terminos y condiciones. No tenemos un minimo mensual, ni cargos extras de medidores AMS, y sin trucos o trampas.",https://shopping.trieagleenergy.com/PDFGenerator?formType=EnergyFactsLabel&comProdId=TNXTESMSAVC12AA&tdsp=AEPTNC&lang=es&custClass=Residential,https://www.trieagleenergy.com/PTC
31489,Simple Savings 36,TRIEAGLE ENERGY LP,AEP_NORTH,FIXED,36,18.2,17.7,17.4,0.0,,3,False,False,"Por favor, lea atentamente los terminos y condiciones. No tenemos un minimo mensual, ni cargos extras de medidores AMS, y sin trucos o trampas.",https://shopping.trieagleenergy.com/PDFGenerator?formType=EnergyFactsLabel&comProdId=TNXTESMSAVC36AA&tdsp=AEPTNC&lang=es&custClass=Residential,https://www.trieagleenergy.com/PTC
31354,Octo Green 12,Octopus Energy,AEP_NORTH,FIXED,12,19.400000000000002,19.1,18.9,0.0,150.0,100,False,False,"An energy plan that combines technology and green energy! Sign up and connect your qualifying smart device (thermostat or electric vehicle (EV)) to our Intelligent Octopus feature through our App for a lower Octopus Energy Charge. If no qualifying smart device is connected then the default Octopus Energy Charge shall apply. Please review to the Electricity Facts Label for additional details. More information on Intelligent Octopus terms and conditions can be found at https://assets.octopusenergy.com/x/e71b875d6d/intelligent-octopus-en.pdf. Interested in qualifying for the discounted rate, call one of our Energy Specials at (833) 628-6888! Qualifying smart thermostats include: Amazon, Honeywell, ecobee and Sensi. Qualifying EVs include: BMW, Tesla, Audi, Mini Cooper, Volkswagen, Porsche, Ford, and Jaguar. This offer is for new customers only who enroll through the Power to Choose website.",https://octopusenergy.com/efl?id=340&service-provider=AEP_TNC&load-zone=LZ_WEST&lang=en,http://octopusenergy.com/affiliate/ptc?redirect=join%2Fenrollment%2Fquote
30800,Stars and Stripes 36,REVOLUTION ENERGY LLC,AEP_NORTH,FIXED,36,16.2,15.5,15.1,0.0,375.0,26,False,False,"Affordable, hassle-free energy from Revolution Energy, the company that has your back. Offer only available for new Revolution Energy customers. This plan is not eligible to be used in conjunction with any referral or promotional codes.",https://e966f83b313c3b45ede3-64a631b37f7b69cdf842d11bca52af9c.ssl.cf5.rackcdn.com//202601/EFL-20260107-155000-AEPW-Stars and Stripes 36 (Spanish).pdf,https://www.joinarevolution.com/signup/signup-step1/?id=329231&promotion=NONE&valid=N&referral=&landingpage=ptc
30760,Stars and Stripes 24,REVOLUTION ENERGY LLC,AEP_NORTH,FIXED,24,16.1,15.4,15.0,0.0,300.0,26,False,False,"Affordable, hassle-free energy from Revolution Energy, the company that has your back. Offer only available for new Revolution Energy customers. This plan is not eligible to be used in conjunction with any referral or promotional codes.",https://e966f83b313c3b45ede3-64a631b37f7b69cdf842d11bca52af9c.ssl.cf5.rackcdn.com//202601/EFL-20260107-155000-AEPW-Stars and Stripes 24 (Spanish).pdf,https://www.joinarevolution.com/signup/signup-step1/?id=329226&promotion=NONE&valid=N&referral=&landingpage=ptc
30720,Stars and Stripes 18,REVOLUTION ENERGY LLC,AEP_NORTH,FIXED,18,15.4,14.7,14.399999999999999,0.0,250.0,26,False,False,"Affordable, hassle-free energy from Revolution Energy, the company that has your back. Offer only available for new Revolution Energy customers. This plan is not eligible to be used in conjunction with any referral or promotional codes.",https://e966f83b313c3b45ede3-64a631b37f7b69cdf842d11bca52af9c.ssl.cf5.rackcdn.com//202601/EFL-20260107-155000-AEPW-Stars and Stripes 18 (Spanish).pdf,https://www.joinarevolution.com/signup/signup-step1/?id=329216&promotion=NONE&valid=N&referral=&landingpage=ptc
30680,Stars and Stripes 12,REVOLUTION ENERGY LLC,AEP_NORTH,FIXED,12,15.2,14.399999999999999,14.099999999999998,0.0,200.0,26,False,False,"Affordable, hassle-free energy from Revolution Energy, the company that has your back. Offer only available for new Revolution Energy customers. This plan is not eligible to be used in conjunction with any referral or promotional codes.",https://e966f83b313c3b45ede3-64a631b37f7b69cdf842d11bca52af9c.ssl.cf5.rackcdn.com//202601/EFL-20260107-155000-AEPW-Stars and Stripes 12 (Spanish).pdf,https://www.joinarevolution.com/signup/signup-step1/?id=329211&promotion=NONE&valid=N&referral=&landingpage=ptc
30640,Stars and Stripes 9,REVOLUTION ENERGY LLC,AEP_NORTH,FIXED,9,15.9,15.2,14.799999999999999,0.0,175.0,26,False,False,"Affordable, hassle-free energy from Revolution Energy, the company that has your back. Offer only available for new Revolution Energy customers. This plan is not eligible to be used in conjunction with any referral or promotional codes.",https://e966f83b313c3b45ede3-64a631b37f7b69cdf842d11bca52af9c.ssl.cf5.rackcdn.com//202601/EFL-20260107-155000-AEPW-Stars and Stripes 9 (Spanish).pdf,https://www.joinarevolution.com/signup/signup-step1/?id=329246&promotion=NONE&valid=N&referral=&landingpage=ptc
29518,Sure Value 36,TRIEAGLE ENERGY LP,AEP_NORTH,FIXED,36,19.900000000000002,16.400000000000002,17.599999999999998,0.0,,3,False,False,"Por favor, lea atentamente los terminos y condiciones. No tenemos un minimo mensual, ni cargos extras de medidores AMS, y sin trucos o trampas.",https://shopping.trieagleenergy.com/PDFGenerator?formType=EnergyFactsLabel&comProdId=TNXTESRVALC36AA&tdsp=AEPTNC&lang=es&custClass=Residential,https://www.trieagleenergy.com/PTC
29536,SoFed Mejor Tarifa – 18,SOUTHERN FEDERAL POWER LLC,AEP_NORTH,FIXED,18,15.7,14.799999999999999,14.399999999999999,0.0,249.0,6,False,False,Solo para clientes nuevos y recurrentes.,https://bit.ly/48Y3Rrb,http://southernfederal.com
29493,Daisy 12,BKV Energy,AEP_NORTH,FIXED,12,14.6,14.299999999999999,14.099999999999998,0.0,,29,False,False,"Simple and affordable fixed-rate electricity with no hidden fees like base charges, usage fees, setup fees, or bundle fees. Plus, no gimmicks or confusing fine print. This plan is for new customers only who enroll through the Power To Choose website. Sign up today!",https://enroll.bkvenergy.com/Home/EFL?productCode=RN00001197&promo=&term=12,https://enroll.bkvenergy.com/?promo=PTCALL0001
29386,True Value 24,TRUE POWER,AEP_NORTH,FIXED,24,14.899999999999999,14.499999999999998,14.399999999999999,0.0,300.0,15,False,False,,https://truepowerefl.com/eflportal/efl/view/AEP%20North/783,https://truepower.com/partner/ptc/
29353,SoFed Better Rate - 18,SOUTHERN FEDERAL POWER LLC,AEP_NORTH,FIXED,18,15.7,14.799999999999999,14.399999999999999,0.0,249.0,6,False,False,,https://bit.ly/4pYrBBx,https://southernfederal.com
29332,SoFed Mejor Tarifa – 3,SOUTHERN FEDERAL POWER LLC,AEP_NORTH,FIXED,3,12.3,11.4,11.0,0.0,249.0,6,False,False,,https://bit.ly/4swjE8m,
29334,SoFed Better Rate - 12,SOUTHERN FEDERAL POWER LLC,AEP_NORTH,FIXED,12,16.1,15.2,14.799999999999999,0.0,249.0,6,False,False,New and returning customers only.,https://bit.ly/47ChGe3,http://www.southernfederal.com/
29323,SoFed Mejor Tarifa - 12,SOUTHERN FEDERAL POWER LLC,AEP_NORTH,FIXED,12,16.1,15.2,14.799999999999999,0.0,249.0,6,False,False,Solo para clientes nuevos y recurrentes.,https://bit.ly/49eBiGi,http://www.southernfederal.com
29318,SoFed Better Rate - 3,SOUTHERN FEDERAL POWER LLC,AEP_NORTH,FIXED,3,12.3,11.4,11.0,0.0,249.0,6,False,False,,https://bit.ly/3YO46zj,
29305,SoFed Mejor Tarifa – 36,SOUTHERN FEDERAL POWER LLC,AEP_NORTH,FIXED,36,16.3,15.4,15.0,0.0,249.0,6,False,False,,https://bit.ly/48YWxeR,http://www.southernfederal.com
29301,SoFed Better Rate - 36,SOUTHERN FEDERAL POWER LLC,AEP_NORTH,FIXED,36,16.3,15.4,15.0,0.0,249.0,6,False,False,,https://bit.ly/459D9tt,http://southernfederal.com
29293,SoFed Better Rate - 6,SOUTHERN FEDERAL POWER LLC,AEP_NORTH,FIXED,6,14.2,13.3,12.9,0.0,249.0,6,False,False,,https://bit.ly/4pdMAPH,http://southernfederal.com
29294,SoFed Mejor Tarifa – 6,SOUTHERN FEDERAL POWER LLC,AEP_NORTH,FIXED,6,14.2,13.3,12.9,0.0,249.0,6,False,False,,https://bit.ly/49kDnyZ,http://www.southernfederal.com
29281,Smart & Fixed - 36,Ranchero Power,AEP_NORTH,FIXED,36,16.400000000000002,15.5,15.1,0.0,179.0,6,False,False,,https://bit.ly/4b8zyiL,http://Rancheropower.com
29276,Ranchero Smart & Fixed - 6,Ranchero Power,AEP_NORTH,FIXED,6,14.299999999999999,13.4,13.0,0.0,179.0,6,False,False,New and returning customers only.,https://bit.ly/45l5UmM,http://Rancheropower.com
29271,Smart & Fixed - 3,Ranchero Power,AEP_NORTH,FIXED,3,12.4,11.5,11.1,0.0,179.0,6,False,False,,https://bit.ly/3YYjGrY,http://Rancheropower.com
29262,Ranchero Smart & Fixed - 18,Ranchero Power,AEP_NORTH,FIXED,18,15.8,14.899999999999999,14.499999999999998,0.0,179.99,6,False,False,,https://bit.ly/3Lin91n,http://Rancheropower.com
29248,Tarifa Fija y Inteligente - 6,Ranchero Power,AEP_NORTH,FIXED,6,14.299999999999999,13.4,13.0,0.0,179.0,6,False,False,Solo para clientes nuevos y recurrentes.,https://bit.ly/49beRjH,http://Rancheropower.com
29254,Ranchero Fija y Inteligente - 18,Ranchero Power,AEP_NORTH,FIXED,18,15.8,14.899999999999999,14.499999999999998,0.0,179.99,6,False,False,,https://bit.ly/4sjq1f8,
29245,Tarifa Fija y Inteligente – 3,Ranchero Power,AEP_NORTH,FIXED,3,12.4,11.5,11.1,0.0,179.0,6,False,False,,https://bit.ly/4994ZZ6,http://www.rancheropower.com
29239,Tarifa Fija y Inteligente – 36,Ranchero Power,AEP_NORTH,FIXED,36,16.400000000000002,15.5,15.1,0.0,179.0,6,False,False,,https://bit.ly/4bbfvjP,http://www.rancheropower.com
29234,Tarifa Fija y Inteligente - 12,Ranchero Power,AEP_NORTH,FIXED,12,16.2,15.299999999999999,14.899999999999999,0.0,179.0,6,False,False,Solo para clientes nuevos y recurrentes.,https://bit.ly/42RH6Se,http://www.rancheropower.com
29229,Smart & Fixed - 12,Ranchero Power,AEP_NORTH,FIXED,12,16.2,15.299999999999999,14.899999999999999,0.0,179.0,6,False,False,New and returning customers only.,https://bit.ly/3WOBKnh,http://Rancheropower.com
29217,Choose 6,SPARK ENERGY LLC,AEP_NORTH,FIXED,6,14.499999999999998,14.099999999999998,14.000000000000002,0.0,100.0,35,False,False,,https://www.sparkenergy.com/products-and-services/?getproductpdf=1&PromotionCode=PTC&ProductID=150859&type=EFL&title=Electricity+Facts+Label&language=english,https://www.sparkenergy.com/products-and-services/?PromotionCode=PTC
29049,Connect & Save 36,OhmConnect Energy,AEP_NORTH,FIXED,36,17.0,16.7,16.5,0.0,250.0,26,False,False,¡Elige la compañía de energía que le paga! Inscríbase para obtener una tarifa baja y gane recompensas cuando participe en nuestros eventos de ahorro de energía. ¡Automatice y gane más con dispositivos domésticos inteligentes después de registrarse! Mas informes en: tx.ohmconnect.com,https://bit.ly/4phnE9P,https://www.ohmconnect.com/texas/?aid=736101&lsid=2&campaign=ptc&locale=es
28767,GoodEnergy 16,GOOD CHARLIE & CO LLC,AEP_NORTH,FIXED,16,16.8,16.0,15.6,0.0,,26,False,False,"Incluye acceso ilimitado GRATUITO las 24 horas del día, los 7 días de la semana a veterinarios con licencia y $750 para financiar una factura veterinaria de emergencia. Cubre hasta 5 mascotas. Este plan requiere facturación y comunicación sin papel.",https://api.goodcharlie.com/products/2117/EFL/AEP_North/latest/es,https://goodcharlie.me/PTC-GoodEnergy16-AEPNORTH
28721,Gexa Eco Choice Plus 12,GEXA ENERGY,AEP_NORTH,FIXED,12,15.1,14.299999999999999,13.900000000000002,0.0,150.0,100,False,False,Lock in a great fixed rate plan. |Free online bill pay and automatic billing options are also available. |This offer is for customers who enroll through the Power to Choose website.,https://eflviewer.gexaenergy.com/eflviewer.aspx?lang=EN&prodcode=GXAECOCHIPLS12&tdspcode=AEP_NORTH,https://newenroll.gexaenergy.com/?refid=PTC_EcoChoicePls12&ul=1000&tdsp=AEP_NORTH
28410,Connect & Save 36 -      Save Energy. Get Paid.,OhmConnect Energy,AEP_NORTH,FIXED,36,17.0,16.7,16.5,0.0,250.0,26,False,False,Choose the energy company that pays you! Sign up for a low rate and earn rewards when you participate in our energy-saving events. Automate and earn more rewards with smart home devices after you sign up! Learn more at: tx.ohmconnect.com,https://bit.ly/4ssilr6,https://www.ohmconnect.com/texas/?aid=736101&lsid=2&campaign=ptc&locale=en
28299,GoodEnergy 36,GOOD CHARLIE & CO LLC,AEP_NORTH,FIXED,36,17.5,16.7,16.3,0.0,,26,False,False,"Incluye acceso ilimitado GRATUITO las 24 horas del día, los 7 días de la semana a veterinarios con licencia y $750 para financiar una factura veterinaria de emergencia. Cubre hasta 5 mascotas. Este plan requiere facturación y comunicación sin papel.",https://api.goodcharlie.com/products/2048/EFL/AEP_North/latest/es,https://goodcharlie.me/PTC-GoodEnergy36-AEP-NORTH
28413,Connect & Save 24,OhmConnect Energy,AEP_NORTH,FIXED,24,16.900000000000002,16.6,16.400000000000002,0.0,250.0,26,False,False,¡Elige la compañía de energía que le paga! Inscríbase para obtener una tarifa baja y gane recompensas cuando participe en nuestros eventos de ahorro de energía. ¡Automatice y gane más con dispositivos domésticos inteligentes después de registrarse! Mas informes en: tx.ohmconnect.com,https://bit.ly/49junKC,https://www.ohmconnect.com/texas/?aid=736101&lsid=2&campaign=ptc&locale=es
28287,GoodEnergy 12,GOOD CHARLIE & CO LLC,AEP_NORTH,FIXED,12,17.1,16.3,15.9,0.0,,26,False,False,Includes FREE 24/7 unlimited access to licensed veterinarians and $750 to fund an emergency vet bill. Covers up to 5 pets.  Plan requires paperless billing and communication.,https://api.goodcharlie.com/products/2046/EFL/AEP_North/latest/en,https://goodcharlie.me/PTC-GoodEnergy12-AEP-NORTH
28247,GoodEnergy 24,GOOD CHARLIE & CO LLC,AEP_NORTH,FIXED,24,17.299999999999997,16.5,16.1,0.0,,26,False,False,Includes FREE 24/7 unlimited access to licensed veterinarians and $750 to fund an emergency vet bill. Covers up to 5 pets.  Plan requires paperless billing and communication.,https://api.goodcharlie.com/products/2047/EFL/AEP_North/latest/en,https://goodcharlie.me/PTC-GoodEnergy24-AEP-NORTH
28102,Branch Fixed 12,BRANCH ENERGY (TEXAS) LLC,AEP_NORTH,FIXED,12,17.7,17.4,17.2,0.0,120.0,100,False,False,Branch hace que sea fácil ahorrar dinero cambiando a energía 100% limpia. Está claro.,https://assets.oak.phloem.io/docs/85e3ead6-06b2-458a-834c-32b7e709834b/html,https://signup.branchenergy.com/?utm_source=ptc&ljs=es-MX
28209,Frontier Power Saver 12,FRONTIER UTILITIES,AEP_NORTH,FIXED,12,14.6,14.2,14.099999999999998,0.0,150.0,30,False,False,This offer is for new customers only who enroll through the Power to Choose website.,https://eflviewer.frontierutilities.com/eflviewer.aspx?lang=EN&prodcode=FPOWSVR12&tdspcode=AEP_NORTH,https://newenroll.frontierutilities.com/?refid=PTCFPS12&ul=1000&tdsp=AEP_NORTH
28148,Connect & Save 24 -      Save Energy. Get Paid.,OhmConnect Energy,AEP_NORTH,FIXED,24,16.900000000000002,16.6,16.400000000000002,0.0,250.0,26,False,False,Choose the energy company that pays you! Sign up for a low rate and earn rewards when you participate in our energy-saving events. Automate and earn more rewards with smart home devices after you sign up! Learn more at: tx.ohmconnect.com,https://bit.ly/3YoHNzR,https://www.ohmconnect.com/texas/?aid=736101&lsid=2&campaign=ptc&locale=en
28118,Reliant Power On 18,RELIANT,AEP_NORTH,FIXED,18,19.2,18.4,17.9,0.0,180.0,15,False,False,This offer is for new customers only who enroll through Power to Choose,https://www.reliant.com/defl/R1F00180021157A.pdf,http://www.reliant.com/public/startOEProcess.htm?tdspCodeCCS=D0005&fromLP=ptc&txtPromocode=WF3713&sid=A3P_1562314131
27892,Embrace Green 36 - New Customer Special,CleanSky Energy,AEP_NORTH,FIXED,36,15.6,15.2,15.1,0.0,275.0,100,False,False,This plan is for new customers only. Autopay is required. Please enroll through the PowertoChoose sign up link. Have a question about a plan or need help placing an order? Call us: 1-888-733-5557 | Email us: CustomerCare@CleanSkyEnergy.com,https://rates.titangasandpower.com/Frontend/DownloadDoc?path=713d3819-505d-49df-bfd8-be71a9c6d2c7.html&id_plan=555551,https://signup.cleanskyenergy.com/rates?utility_id=115&promocode=PTCHOOSETX
27851,Embrace Green 6 - New Customer Special,CleanSky Energy,AEP_NORTH,FIXED,6,12.5,12.1,12.0,0.0,75.0,100,False,False,This plan is for new customers only. Autopay is required. Please enroll through the PowertoChoose sign up link. Have a question about a plan or need help placing an order? Call us: 1-888-733-5557 | Email us: CustomerCare@CleanSkyEnergy.com,https://rates.titangasandpower.com/Frontend/DownloadDoc?path=713d3819-505d-49df-bfd8-be71a9c6d2c7.html&id_plan=555555,https://signup.cleanskyenergy.com/rates?utility_id=115&promocode=PTCHOOSETX
27853,Embrace Green 12 - New Customer Special,CleanSky Energy,AEP_NORTH,FIXED,12,14.2,13.8,13.700000000000001,0.0,150.0,100,False,False,This plan is for new customers only. Autopay is required. Please enroll through the PowertoChoose sign up link. Have a question about a plan or need help placing an order? Call us: 1-888-733-5557 | Email us: CustomerCare@CleanSkyEnergy.com,https://rates.titangasandpower.com/Frontend/DownloadDoc?path=713d3819-505d-49df-bfd8-be71a9c6d2c7.html&id_plan=555549,https://signup.cleanskyenergy.com/rates?utility_id=115&promocode=PTCHOOSETX
27855,Embrace Green 24 - New Customer Special,CleanSky Energy,AEP_NORTH,FIXED,24,15.6,15.2,15.1,0.0,225.0,100,False,False,This plan is for new customers only. Autopay is required. Please enroll through the PowertoChoose sign up link. Have a question about a plan or need help placing an order? Call us: 1-888-733-5557 | Email us: CustomerCare@CleanSkyEnergy.com,https://rates.titangasandpower.com/Frontend/DownloadDoc?path=713d3819-505d-49df-bfd8-be71a9c6d2c7.html&id_plan=555550,https://signup.cleanskyenergy.com/rates?utility_id=115&promocode=PTCHOOSETX
27804,Basics PTC - 36,TARA ENERGY,AEP_NORTH,FIXED,36,17.9,17.5,17.4,0.0,175.0,31,False,False,"Ask for our PTC rates. Lock in your energy rate with no Base Charges, no Minimum Use fees or Payment fees! Transmission and distribution charges passed through at cost. Please refer to the Electricity Facts Label for additional details. Call our Customer Hotline at (866) 327-0880 to sign up today!",https://webs.taraenergy.com/Generate_Docs/Generate_EflLinks.aspx?RID=pJNCMM5RNHQ=&RCID=cacW2cvK/I0=&L=6f+Ch9flI7k=,https://taraenergy.com/ptc/?utm_source=powertochoose&utm_medium=referral&utm_campaign=LT
27688,True Value 28,TRUE POWER,AEP_NORTH,FIXED,28,14.899999999999999,14.499999999999998,14.399999999999999,0.0,300.0,15,False,False,,https://truepowerefl.com/eflportal/efl/view/spanish/AEP%20North/820,https://truepower.com/partner/ptc/
27783,Autopay Texas 12,DIRECT ENERGY,AEP_NORTH,FIXED,12,19.400000000000002,18.6,18.099999999999998,0.0,150.0,24,False,False,"Lock in a fixed Texas energy rate for 12 months! Monthly base charge $4.95. For new customers only. If you stop Auto Pay at any time during your contract, you will be charged an AutoPay Breakage Fee of $5/month. If you cancel your plan early, you will be charged a $150 early termination fee. Terms and conditions apply.",https://documents.directenergy.com/dynamic/efl/D1F00171873906A.pdf,https://shop.directenergy.com/tx/product-chart-tabs?tdspCode=D0005&promo_code=WHPGCD&sid=APTC_1726591058&utm_campaign=PTC&utm_medium=PTC_&utm_source=PowerToChoose
27253,Connect & Save 12,OhmConnect Energy,AEP_NORTH,FIXED,12,16.6,16.3,16.1,0.0,150.0,26,False,False,¡Elige la compañía de energía que le paga! Inscríbase para obtener una tarifa baja y gane recompensas cuando participe en nuestros eventos de ahorro de energía. ¡Automatice y gane más con dispositivos domésticos inteligentes después de registrarse! Mas informes en: tx.ohmconnect.com,https://bit.ly/4bdDX42,https://www.ohmconnect.com/texas/?aid=736101&lsid=2&campaign=ptc&locale=es
27199,Connect & Save 12 -      Save Energy. Get Paid.,OhmConnect Energy,AEP_NORTH,FIXED,12,16.6,16.3,16.1,0.0,150.0,26,False,False,Choose the energy company that pays you! Sign up for a low rate and earn rewards when you participate in our energy-saving events. Automate and earn more rewards with smart home devices after you sign up! Learn more at: tx.ohmconnect.com,https://bit.ly/3N3iQYf,https://www.ohmconnect.com/texas/?aid=736101&lsid=2&campaign=ptc&locale=en
27058,Pollution Free e-Plus 36 Choice,GREEN MOUNTAIN ENERGY COMPANY,AEP_NORTH,FIXED,36,20.200000000000003,19.400000000000002,18.9,0.0,395.0,100,False,False,¡Inscríbete para electricidad 100% Pollution Free hoy mismo! Este plan requiere que te inscribas en facturación Tree Free y Auto Pay en greenmountain.com/myaccount dentro de treinta (30) días de la fecha de inicio de tu servicio. Términos y condiciones adicionales aplican. Ve la página de confirmación de pedido para detalles.,https://signup.greenmountain.com/defl/G1F00172600826A.pdf,https://www.greenmountainenergy.com/gmec-lnd-tx-ptc/?sid=A3P_PTC_ERCOT_2015APR_PFe-P36
27148,True Value 36,TRUE POWER,AEP_NORTH,FIXED,36,14.899999999999999,14.499999999999998,14.399999999999999,0.0,300.0,15,False,False,,https://truepowerefl.com/eflportal/efl/view/spanish/AEP%20North/796,https://truepower.com/partner/ptc/
27151,True Value 12,TRUE POWER,AEP_NORTH,FIXED,12,14.499999999999998,14.099999999999998,14.000000000000002,0.0,300.0,15,False,False,,https://truepowerefl.com/eflportal/efl/view/spanish/AEP%20North/781,https://truepower.com/partner/ptc/
27154,True Value 16,TRUE POWER,AEP_NORTH,FIXED,16,16.400000000000002,16.0,15.9,0.0,300.0,15,False,False,,https://truepowerefl.com/eflportal/efl/view/spanish/AEP%20North/819,https://truepower.com/partner/ptc/
26812,Reliant Power on 36 Plan,RELIANT,AEP_NORTH,FIXED,36,19.400000000000002,18.6,18.099999999999998,0.0,395.0,24,False,False,This offer is for new customers only who enroll through Power to Choose,https://www.reliant.com/defl/R1F00180021177A.pdf,https://shop.reliant.com/plans-for-you/?tdspCodeCCS=D0005&fromLP=ptc&txtPromocode=WF3713&sid=APTC_1686089562&utm_source=None&utm_campaign=Power+To+Choose+Listings&utm_medium=PTC_
26880,Autopay Texas 36,DIRECT ENERGY,AEP_NORTH,FIXED,36,19.7,18.9,18.4,0.0,295.0,24,False,False,"Lock in a fixed Texas energy rate for 36 months! Monthly base charge $4.95. For new customers only. If you stop Auto Pay at any time during your contract, you will be charged an AutoPay Breakage Fee of $5/month. If you cancel your plan early, you will be charged a $135 early termination fee. Terms and conditions apply.",https://documents.directenergy.com/dynamic/efl/D1F00171873866A.pdf,https://shop.directenergy.com/tx/product-chart-tabs?tdspCode=D0005&promo_code=WHPGCD&sid=APTC_1726591058&utm_campaign=PTC&utm_medium=PTC_&utm_source=PowerToChoose
26870,Autopay Texas 24,DIRECT ENERGY,AEP_NORTH,FIXED,24,19.6,18.8,18.3,0.0,295.0,24,False,False,"Lock in a fixed Texas energy rate for 24 months! Monthly base charge $4.95. For new customers only. If you stop Auto Pay at any time during your contract, you will be charged an AutoPay Breakage Fee of $5/month. If you cancel your plan early, you will be charged a $135 early termination fee. Terms and conditions apply.",https://documents.directenergy.com/dynamic/efl/D1F00171874045A.pdf,https://shop.directenergy.com/tx/product-chart-tabs?tdspCode=D0005&promo_code=WHPGCD&sid=APTC_1726591058&utm_campaign=PTC&utm_medium=PTC_&utm_source=PowerToChoose
26327,Choose 12,SPARK ENERGY LLC,AEP_NORTH,FIXED,12,16.400000000000002,16.0,15.9,0.0,100.0,35,False,False,,https://www.sparkenergy.com/products-and-services/?getproductpdf=1&PromotionCode=PTC&ProductID=148470&type=EFL&title=Electricity+Facts+Label&language=spanish,https://www.sparkenergy.com/products-and-services/?PromotionCode=PTC
26318,Choose 15,SPARK ENERGY LLC,AEP_NORTH,FIXED,15,16.5,16.1,16.0,0.0,100.0,35,False,False,,https://www.sparkenergy.com/products-and-services/?getproductpdf=1&PromotionCode=PTC&ProductID=148475&type=EFL&title=Electricity+Facts+Label&language=english,https://www.sparkenergy.com/products-and-services/?PromotionCode=PTC
26122,Frontier Power Saver 6,FRONTIER UTILITIES,AEP_NORTH,FIXED,6,12.7,12.3,12.2,0.0,150.0,30,False,False,This offer is for new customers only who enroll through the Power to Choose website.,https://eflviewer.frontierutilities.com/eflviewer.aspx?lang=EN&prodcode=FPOWSVR06&tdspcode=AEP_NORTH,https://newenroll.frontierutilities.com/?refid=PTCFPS06&ul=1000&tdsp=AEP_NORTH
26143,Gexa Eco Choice 12,GEXA ENERGY,AEP_NORTH,FIXED,12,14.7,14.299999999999999,14.2,0.0,150.0,100,False,False,Lock in a great fixed rate plan. |Free online bill pay and automatic billing options are also available.|This offer is for new customers only who enroll through the Power to Choose website.,https://eflviewer.gexaenergy.com/eflviewer.aspx?lang=EN&prodcode=GXAECOCHI12&tdspcode=AEP_NORTH,https://newenroll.gexaenergy.com/?refid=PTC_EcoChoice12&ul=1000&tdsp=AEP_NORTH
26027,Autopay Texas 18,DIRECT ENERGY,AEP_NORTH,FIXED,18,19.400000000000002,18.6,18.099999999999998,0.0,180.0,24,False,False,"Lock in a fixed Texas energy rate for 18 months! Monthly base charge $4.95. For new customers only. If you stop Auto Pay at any time during your contract, you will be charged an AutoPay Breakage Fee of $5/month. If you cancel your plan early, you will be charged a $180 early termination fee. Terms and conditions apply.",https://documents.directenergy.com/dynamic/efl/D1F00171873970A.pdf,https://shop.directenergy.com/tx/product-chart-tabs?tdspCode=D0005&promo_code=WHPGCD&sid=APTC_1726591058&utm_campaign=PTC&utm_medium=PTC_&utm_source=PowerToChoose
24991,Simple Switch 6,CONSTELLATION NEWENERGY INC,AEP_NORTH,FIXED,6,14.499999999999998,14.2,14.099999999999998,0.0,50.0,26,False,False,Esta oferta es solo para clientes nuevos que se inscriban a través del sitio Power to Choose. ¡Vea nuestras otras excelentes tarifas disponibles! https://www.constellation.com/,https://www.constellation.com/bin/residential/GetContractVersionPDF?versionNum=4906387,https://www.constellation.com/content/constellation/en/campaigns/powertochoose.html?UTM_source=powertochoose.org&UTM_medium=referral
24812,Reliant Power On 12 Plan,RELIANT,AEP_NORTH,FIXED,12,19.3,18.5,18.0,0.0,150.0,24,False,False,This offer is for new customers only who enroll through Power to Choose,https://www.reliant.com/defl/R1F00180021365A.pdf,https://shop.reliant.com/plans-for-you/?tdspCodeCCS=D0005&fromLP=ptc&txtPromocode=WF3713&sid=APTC_1686089562&utm_source=None&utm_campaign=Power+To+Choose+Listings&utm_medium=PTC_
24639,Sustainable Days Bundle - 3,JUST ENERGY,AEP_NORTH,FIXED,3,12.4,11.700000000000001,11.3,0.0,175.0,31,False,True,FREE electricity from 9:00 AM to 4:00 PM daily. A one-month GoodBundle setup and carbon offset purchase of $49.99 is required to enroll. Call (866) 327-0821 to enroll!,https://webs.justenergydeals.com/Generate_Docs/Generate_EflLinks.aspx?RID=pntesICMKMU=&RCID=gNASPlhlupI=&L=6f+Ch9flI7k=,https://justenergy.com/affiliatepartner/ptcsl/?utm_source=powertochoose&utm_medium=referral&utm_campaign=ST
24622,Basics PTC - 36,AMIGO ENERGY,AEP_NORTH,FIXED,36,17.9,17.5,17.4,0.0,175.0,31,False,False,"Ask for our PTC rates. Lock in your energy rate with no Base Charges, no Minimum Use fees or Payment fees! Transmission and distribution charges passed through at cost. Please refer to the Electricity Facts Label for additional details. Call our Customer Hotline at (866) 327-0839 to sign up today!",https://webs.amigoenergy.com/Generate_Docs/Generate_EflLinks.aspx?RID=lQWxZCCORvQ=&RCID=rv5fvOkFHh4=&L=6f+Ch9flI7k=,https://amigoenergy.com/lp/ptc/?utm_source=powertochoose&utm_medium=referral&utm_campaign=LT
24544,Pollution Free e-Plus 12 Choice,GREEN MOUNTAIN ENERGY COMPANY,AEP_NORTH,FIXED,12,20.200000000000003,19.400000000000002,18.9,0.0,150.0,100,False,False,Sign up for 100% Pollution Free Electricity today! For new customers only. This plan requires you to enroll in Tree Free billing and Auto Pay at greenmountain.com/myaccount within thirty (30) days of your service start date. Additional terms and conditions apply. See order confirmation page for details.,https://signup.greenmountain.com/defl/G1F00172600815A.pdf,https://shop.greenmountainenergy.com/texas/home-energy-solutions/products/?tdspCodeCCS=D0005&fromLP=ptc&txtPromocode=WA0TEZ&sid=APTC_1726590650&utm_campaign=PTC&utm_medium=PTC_&utm_source=PowerToChoose
24524,Pollution Free e-Plus 24 Choice,GREEN MOUNTAIN ENERGY COMPANY,AEP_NORTH,FIXED,24,20.200000000000003,19.400000000000002,18.9,0.0,295.0,100,False,False,Sign up for 100% Pollution Free Electricity today! For new customers only. This plan requires you to enroll in Tree Free billing and Auto Pay at greenmountain.com/myaccount within thirty (30) days of your service start date. Additional terms and conditions apply. See order confirmation page for details.,https://signup.greenmountain.com/defl/G1F00172600819A.pdf,https://shop.greenmountainenergy.com/texas/home-energy-solutions/products/?tdspCodeCCS=D0005&fromLP=ptc&txtPromocode=WA0TEZ&sid=APTC_1726590650&utm_campaign=PTC&utm_medium=PTC_&utm_source=PowerToChoose
24330,Basics PTC - 60,AMIGO ENERGY,AEP_NORTH,FIXED,60,17.9,17.5,17.4,0.0,175.0,31,False,False,"Ask for our PTC rates. Lock in your energy rate with no Base Charges, no Minimum Use fees or Payment fees! Transmission and distribution charges passed through at cost. Please refer to the Electricity Facts Label for additional details. Call our Customer Hotline at (866) 327-0839 to sign up today!",https://webs.amigoenergy.com/Generate_Docs/Generate_EflLinks.aspx?RID=WJEF6nquxc0=&RCID=rv5fvOkFHh4=&L=6f+Ch9flI7k=,https://amigoenergy.com/lp/ptc/?utm_source=powertochoose&utm_medium=referral&utm_campaign=LT
24342,Basics PTC - 60,TARA ENERGY,AEP_NORTH,FIXED,60,17.9,17.5,17.4,0.0,175.0,31,False,False,"Ask for our PTC rates. Lock in your energy rate with no Base Charges, no Minimum Use fees or Payment fees! Transmission and distribution charges passed through at cost. Please refer to the Electricity Facts Label for additional details. Call our Customer Hotline at (866) 327-0880 to sign up today!",https://webs.taraenergy.com/Generate_Docs/Generate_EflLinks.aspx?RID=37Se2ysvUOo=&RCID=cacW2cvK/I0=&L=6f+Ch9flI7k=,https://taraenergy.com/ptc/?utm_source=powertochoose&utm_medium=referral&utm_campaign=LT
23966,Sustainable Living Bundle - 3,JUST ENERGY,AEP_NORTH,FIXED,3,12.4,11.700000000000001,11.3,0.0,175.0,31,False,False,"Para inscribirse se requiere una configuración de GoodBundle de un mes y una compra de compensación de carbono de $49.99. Cargos de transmisión y distribución transferidos al costo. ¡Para registrarse hoy, llame a nuestra línea directa para clientes al (866) 327-0821!",https://webs.justenergydeals.com/Generate_Docs/Generate_EflLinks.aspx?RID=u471kWi5Fi8=&RCID=gNASPlhlupI=&L=jfm4E/YMcQk=,https://justenergy.com/affiliatepartner/ptcsl/?utm_source=powertochoose&utm_medium=referral&utm_campaign=ST
22776,Sustainable Lifestyle - 3,AMIGO ENERGY,AEP_NORTH,FIXED,3,12.4,11.700000000000001,11.3,0.0,175.0,31,False,False,"Para inscribirse se requiere una configuración de GoodBundle de un mes y una compra de compensación de carbono de $49.99. Cargos de transmisión y distribución transferidos al costo. ¡Para registrarse hoy, llame a nuestra línea directa para clientes al (866) 327-0839!",https://webs.amigoenergy.com/Generate_Docs/Generate_EflLinks.aspx?RID=fQ2zVjsZ3Gs=&RCID=rv5fvOkFHh4=&L=jfm4E/YMcQk=,https://amigoenergy.com/lp/ptcsl/?utm_source=powertochoose&utm_medium=referral&utm_campaign=ST
22761,Sustainable Home Bundle - 3,TARA ENERGY,AEP_NORTH,FIXED,3,12.4,11.700000000000001,11.3,0.0,175.0,31,False,False,A one-month GoodBundle setup and carbon offset purchase of $49.99 is required to enroll. Transmission and distribution charges passed through at cost. Call (866) 327-0880 to enroll!,https://webs.taraenergy.com/Generate_Docs/Generate_EflLinks.aspx?RID=moDtdO1htmk=&RCID=cacW2cvK/I0=&L=6f+Ch9flI7k=,https://taraenergy.com/ptcsl/?utm_source=powertochoose&utm_medium=referral&utm_campaign=ST
21837,Champ Saver-6,CHAMPION ENERGY SERVICES LLC,AEP_NORTH,FIXED,6,17.0,16.6,16.5,0.0,150.0,26,False,False,,https://docs.championenergyservices.com/ExternalDocs?planname=PN2423&state=TX&language=EN,https://www.championenergyservices.com/Residential/Sign-Up?promo=powertochoose
21792,Saver 24,Discount Power,AEP_NORTH,FIXED,24,17.7,17.299999999999997,17.2,0.0,295.0,24,False,False,"Electronic Billing and auto payment via bank draft, credit card, or debit card available. This offer is for new customers only. Enroll through Power to Choose or by using special promo code; Promo Code Required: WQ4137.",https://www.discountpowertx.com/defl/M1F00175411039B.pdf,https://shop.discountpowertx.com/offer-selection/?txtPromocode=WQ4131&tdspCode=D0005&fromLP=ptc&sid=APTC_1686090020&utm_campaign=Power+To+Choose+Listings&utm_medium=PTC_&utm_source=None
21794,Saver 12,Discount Power,AEP_NORTH,FIXED,12,17.4,17.0,16.900000000000002,0.0,150.0,24,False,False,Facturacion electronica y pago automatico con targeta de credito / targeta de debito o cuenta bancaria. Esta oferta es solo para nuevos clientes que se inscriban a traves de Power to Choose o utilizando el codigo de promocion especial; Codigo de promocion necesario: WQ4131.,https://www.discountpowertx.com/defl/M1F00175410970B.pdf,https://shop.discountpowertx.com/offer-selection/?txtPromocode=WQ4131&tdspCode=D0005&language=es&fromLP=ptc&sid=APTC_1686090020&utm_campaign=Power+To+Choose+Listings&utm_medium=PTC_&utm_source=None
21642,Saver 36,Discount Power,AEP_NORTH,FIXED,36,17.8,17.4,17.299999999999997,0.0,395.0,24,False,False,"Electronic Billing and auto payment via bank draft, credit card, or debit card available. This offer is for new customers only. Enroll through Power to Choose or by using special promo code; Promo Code Required: WQ4137.",https://www.discountpowertx.com/defl/M1F00175410941B.pdf,https://shop.discountpowertx.com/offer-selection/?txtPromocode=WQ4131&tdspCode=D0005&fromLP=ptc&sid=APTC_1686090020&utm_campaign=Power+To+Choose+Listings&utm_medium=PTC_&utm_source=None
19591,12 Month Usage Bill Credit,CONSTELLATION NEWENERGY INC,AEP_NORTH,FIXED,12,19.400000000000002,15.6,16.5,0.0,150.0,26,False,False,,https://www.constellation.com/bin/residential/GetContractVersionPDF?versionNum=4906232,https://www.constellation.com/content/constellation/en/campaigns/powertochoose.html?UTM_source=powertochoose.org&UTM_medium=referral
20537,TrueClassic 36,AP GAS & ELECTRIC (TX) LLC,AEP_NORTH,FIXED,36,15.9,15.6,15.4,0.0,350.0,6,False,False,Asegure un plan directo de tasa fija que le brinde seguridad en los precios durante los próximos 36 meses. Flexible. Affordable. Energy. ¡Eso es APG&E!,https://artemis-api.apge.com/api/v1/document?documentId=74&offerCode=SRBTX_AEN_NA_NA_RES_FPR_SD0_T36_NEW,https://www.apge.com/enroll#/offer?offerCode=SRBTX_AEN_NA_NA_RES_FPR_SD0_T36_NEW&deploymentName=TX%20State%20Rate%20Board&language=spanish
20539,True Classic 6,AP GAS & ELECTRIC (TX) LLC,AEP_NORTH,FIXED,6,13.4,13.100000000000001,12.9,0.0,150.0,6,False,False,Asegure un plan directo de tasa fija que le brinde seguridad en los precios durante los próximos 6 meses. Flexible. Affordable. Energy. ¡Eso es APG&E!,https://artemis-api.apge.com/api/v1/document?documentId=74&offerCode=SRBTX_AEN_NA_NA_RES_FPR_SD0_T6_NEW,https://www.apge.com/enroll#/offer?offerCode=SRBTX_AEN_NA_NA_RES_FPR_SD0_T6_NEW&deploymentName=TX%20State%20Rate%20Board&language=spanish
20513,TrueClassic 6,AP GAS & ELECTRIC (TX) LLC,AEP_NORTH,FIXED,6,13.4,13.100000000000001,12.9,0.0,150.0,6,False,False,Lock in a fixed rate plan that gives you price security for the next 6 months. Flexible. Affordable. Energy. That's APG&E!,https://artemis-api.apge.com/api/v1/document?documentId=73&offerCode=SRBTX_AEN_NA_NA_RES_FPR_SD0_T6_NEW,https://www.apge.com/enroll#/offer?offerCode=SRBTX_AEN_NA_NA_RES_FPR_SD0_T6_NEW&deploymentName=TX%20State%20Rate%20Board
19270,Smart Simple 24,CIRRO ENERGY,AEP_NORTH,FIXED,24,17.8,17.4,17.299999999999997,0.0,295.0,24,False,False,"Opciones eBill y Bill Alert sin papel ::: Servicio al cliente local 24/7 ::: Sin tarifas para VISA, DISCOVER y MC ::: Fácil acceso a la cuenta en línea ::: Esta oferta es solo para nuevos clientes",https://www.cirroenergy.com/defl/M1F00175410824B.pdf,https://www.cirroenergy.com/espanol?txtPromocode=WA198B&sid=APTC_1685677096&utm_campaign=Power+To+Choose+Listings&utm_medium=PTC_&utm_source=None
19354,Smart Simple 36,CIRRO ENERGY,AEP_NORTH,FIXED,36,17.9,17.5,17.4,0.0,395.0,24,False,False,"Opciones eBill y Bill Alert sin papel ::: Servicio al cliente local 24/7 ::: Sin tarifas para VISA, DISCOVER y MC ::: Fácil acceso a la cuenta en línea ::: Esta oferta es solo para nuevos clientes",https://www.cirroenergy.com/defl/M1F00175410760B.pdf,https://www.cirroenergy.com/espanol?txtPromocode=WA198B&sid=APTC_1685677096&utm_campaign=Power+To+Choose+Listings&utm_medium=PTC_&utm_source=None
20178,PTC 6 Month - Prepaid,PAYLESS POWER,AEP_NORTH,FIXED,6,17.299999999999997,16.900000000000002,16.8,0.0,49.0,26,True,False,Fixed price for 6 months with no credit check or deposit required. A minimum first payment of $75.00 is required to connect service.,https://paylesspower.com/files/87_4_eng.pdf,https://account.paylesspower.com/enroll/487447
20179,PTC 12 Month - Prepaid,PAYLESS POWER,AEP_NORTH,FIXED,12,18.3,17.9,17.8,0.0,49.0,26,True,False,Fixed price for 12 months with no credit check or deposit required.  A first payment of $75.00 is required to connect service.,https://paylesspower.com/files/86_4_eng.pdf,https://account.paylesspower.com/enroll/487447
19264,Smart Simple 12,CIRRO ENERGY,AEP_NORTH,FIXED,12,17.5,17.1,17.0,0.0,150.0,24,False,False,"Opciones eBill y Bill Alert sin papel ::: Servicio al cliente local 24/7 ::: Sin tarifas para VISA, DISCOVER y MC ::: Fácil acceso a la cuenta en línea ::: Esta oferta es solo para nuevos clientes",https://www.cirroenergy.com/defl/M1F00175410808B.pdf,https://www.cirroenergy.com/espanol?txtPromocode=WA198B&sid=APTC_1685677096&utm_campaign=Power+To+Choose+Listings&utm_medium=PTC_&utm_source=None
17332,Sustainable Simply Days - 3,AMIGO ENERGY,AEP_NORTH,FIXED,3,12.4,11.700000000000001,11.3,0.0,175.0,31,False,True,FREE electricity from 9:00 AM to 4:00 PM daily. A one-month GoodBundle setup and carbon offset purchase of $49.99 is required to enroll. Call (866) 327-0839 to enroll!,https://webs.amigoenergy.com/Generate_Docs/Generate_EflLinks.aspx?RID=5zJf122klX4=&RCID=rv5fvOkFHh4=&L=6f+Ch9flI7k=,https://amigoenergy.com/lp/ptcsl/?utm_source=powertochoose&utm_medium=referral&utm_campaign=ST
16601,Champ Saver-12,CHAMPION ENERGY SERVICES LLC,AEP_NORTH,FIXED,12,17.299999999999997,16.900000000000002,16.8,0.0,150.0,26,False,False,,https://docs.championenergyservices.com/ExternalDocs?planname=PN2424&state=TX&language=ES,https://www.championenergyservices.com/Residential/Sign-Up?promo=powertochoose
16603,Champ Saver-24,CHAMPION ENERGY SERVICES LLC,AEP_NORTH,FIXED,24,17.599999999999998,17.2,17.1,0.0,250.0,26,False,False,,https://docs.championenergyservices.com/ExternalDocs?planname=PN2429&state=TX&language=ES,https://www.championenergyservices.com/Residential/Sign-Up?promo=powertochoose
17260,Balanced Days Bundle - 3,TARA ENERGY,AEP_NORTH,FIXED,3,12.4,11.700000000000001,11.3,0.0,175.0,31,False,True,FREE electricity from 9:00 AM to 4:00 PM daily. A one-month GoodBundle setup and carbon offset purchase of $49.99 is required to enroll. Call (866) 327-0880 to enroll!,https://webs.taraenergy.com/Generate_Docs/Generate_EflLinks.aspx?RID=DW17vPakTbg=&RCID=cacW2cvK/I0=&L=jfm4E/YMcQk=,https://taraenergy.com/ptcsl/?utm_source=powertochoose&utm_medium=referral&utm_campaign=ST
11680,Smart Simple 12,CIRRO ENERGY,CENTERPOINT,FIXED,12,16.2,15.7,15.4,0.0,150.0,24,False,False,"Paperless eBill and Bill Alert Options ::: 24/7 Local Customer Service ::: NO FEES for VISA, DISCOVER & MC::: Easy Online Account Access ::: This offer is for new customers only",https://www.cirroenergy.com/defl/M1F00175599528B.pdf,https://www.cirroenergy.com/lp/ptcZipCodeSearch?tdsp_code=D0001&promo_code=WA198B&txtPromocode=WA198B&fromLP=ptc&sid=APTC_1685677096&utm_campaign=Power+To+Choose+Listings&utm_medium=PTC_&utm_source=None
10615,Free Weekends-24,CHAMPION ENERGY SERVICES LLC,CENTERPOINT,FIXED,24,17.0,16.5,16.3,0.0,250.0,26,False,True,Free power from 12 midnight Friday night to 11:59 PM Sunday night. No monthly fee or minimum usage requirement. Indexed Solar Buyback Included.,https://docs.championenergyservices.com/ExternalDocs?planname=PN2388&state=TX&language=EN,https://www.championenergyservices.com/Residential/Sign-Up?promo=powertochoose
11675,Smart Simple 36,CIRRO ENERGY,CENTERPOINT,FIXED,36,16.5,16.0,15.7,0.0,395.0,24,False,False,"Paperless eBill and Bill Alert Options ::: 24/7 Local Customer Service ::: NO FEES for VISA, DISCOVER & MC::: Easy Online Account Access ::: This offer is for new customers only",https://www.cirroenergy.com/defl/M1F00175599536B.pdf,https://www.cirroenergy.com/lp/ptcZipCodeSearch?tdsp_code=D0001&promo_code=WA198B&txtPromocode=WA198B&fromLP=ptc&sid=APTC_1685677096&utm_campaign=Power+To+Choose+Listings&utm_medium=PTC_&utm_source=None
13187,Champ Saver-16,CHAMPION ENERGY SERVICES LLC,CENTERPOINT,FIXED,16,16.400000000000002,15.9,15.6,0.0,250.0,26,False,False,,https://docs.championenergyservices.com/ExternalDocs?planname=PN2387&state=TX&language=EN,https://www.championenergyservices.com/Residential/Sign-Up?promo=powertochoose
16509,Champ Saver-12,CHAMPION ENERGY SERVICES LLC,CENTERPOINT,FIXED,12,16.7,16.2,15.9,0.0,150.0,26,False,False,,https://docs.championenergyservices.com/ExternalDocs?planname=PN2391&state=TX&language=EN,https://www.championenergyservices.com/Residential/Sign-Up?promo=powertochoose
16511,Champ Saver-24,CHAMPION ENERGY SERVICES LLC,CENTERPOINT,FIXED,24,16.900000000000002,16.400000000000002,16.1,0.0,250.0,26,False,False,,https://docs.championenergyservices.com/ExternalDocs?planname=PN2396&state=TX&language=EN,https://www.championenergyservices.com/Residential/Sign-Up?promo=powertochoose
17258,Balanced Days Bundle - 3,TARA ENERGY,CENTERPOINT,FIXED,3,12.2,11.3,10.8,0.0,175.0,31,False,True,FREE electricity from 9:00 AM to 4:00 PM daily. A one-month GoodBundle setup and carbon offset purchase of $49.99 is required to enroll. Call (866) 327-0880 to enroll!,https://webs.taraenergy.com/Generate_Docs/Generate_EflLinks.aspx?RID=z9R/Q0Z4kT8=&RCID=cacW2cvK/I0=&L=jfm4E/YMcQk=,https://taraenergy.com/ptcsl/?utm_source=powertochoose&utm_medium=referral&utm_campaign=ST
16205,Saver 12,Discount Power,CENTERPOINT,FIXED,12,16.1,15.6,15.299999999999999,0.0,150.0,24,False,False,"Electronic Billing and auto payment via bank draft, credit card, or debit card available. This offer is for new customers only. Enroll through Power to Choose or by using special promo code; Promo Code Required: WQ4131.",https://www.discountpowertx.com/defl/M1F00175599636B.pdf,https://shop.discountpowertx.com/offer-selection/?txtPromocode=WQ4131&tdspCode=D0001&fromLP=ptc&sid=APTC_1686090020&utm_campaign=Power+To+Choose+Listings&utm_medium=PTC_&utm_source=None
17287,Sustainable Living Bundle - 3,JUST ENERGY,CENTERPOINT,FIXED,3,12.2,11.3,10.9,0.0,175.0,31,False,False,A one-month GoodBundle setup and carbon offset purchase of $49.99 is required to enroll. Transmission and distribution charges passed through at cost. Call (866) 327-0821 to enroll!,https://webs.justenergydeals.com/Generate_Docs/Generate_EflLinks.aspx?RID=FuOZhta/ldA=&RCID=gNASPlhlupI=&L=6f+Ch9flI7k=,https://justenergy.com/affiliatepartner/ptcsl/?utm_source=powertochoose&utm_medium=referral&utm_campaign=ST
17330,Sustainable Simply Days - 3,AMIGO ENERGY,CENTERPOINT,FIXED,3,12.2,11.3,10.8,0.0,175.0,31,False,True,FREE electricity from 9:00 AM to 4:00 PM daily. A one-month GoodBundle setup and carbon offset purchase of $49.99 is required to enroll. Call (866) 327-0839 to enroll!,https://webs.amigoenergy.com/Generate_Docs/Generate_EflLinks.aspx?RID=/LYnLZkG5Os=&RCID=rv5fvOkFHh4=&L=6f+Ch9flI7k=,https://amigoenergy.com/lp/ptcsl/?utm_source=powertochoose&utm_medium=referral&utm_campaign=ST
18368,Smart Simple 24,CIRRO ENERGY,CENTERPOINT,FIXED,24,16.400000000000002,15.9,15.6,0.0,295.0,24,False,False,"Paperless eBill and Bill Alert Options ::: 24/7 Local Customer Service ::: NO FEES for VISA, DISCOVER & MC::: Easy Online Account Access ::: This offer is for new customers only",https://www.cirroenergy.com/defl/M1F00175599532B.pdf,https://www.cirroenergy.com/lp/ptcZipCodeSearch?tdsp_code=D0001&promo_code=WA198B&txtPromocode=WA198B&fromLP=ptc&sid=APTC_1685677096&utm_campaign=Power+To+Choose+Listings&utm_medium=PTC_&utm_source=None
20182,PTC 6 Month - Prepaid,PAYLESS POWER,CENTERPOINT,FIXED,6,17.0,16.5,16.2,0.0,49.0,26,True,False,Fixed price for 6 months with no credit check or deposit required. A minimum first payment of $75.00 is required to connect service.,https://paylesspower.com/files/87_2_eng.pdf,https://account.paylesspower.com/enroll/487447
20183,PTC 12 Month - Prepaid,PAYLESS POWER,CENTERPOINT,FIXED,12,18.0,17.5,17.2,0.0,49.0,26,True,False,Fixed price for 12 months with no credit check or deposit required.  A first payment of $75.00 is required to connect service.,https://paylesspower.com/files/86_2_eng.pdf,https://account.paylesspower.com/enroll/487447
19583,12 Month A/C Protect Plus for 2 Units,CONSTELLATION NEWENERGY INC,CENTERPOINT,FIXED,12,20.7,16.7,17.5,0.0,150.0,26,False,False,,https://www.constellation.com/bin/residential/GetContractVersionPDF?versionNum=4906352,https://www.constellation.com/content/constellation/en/campaigns/powertochoose.html?UTM_source=powertochoose.org&UTM_medium=referral
20049,Pollution Free e-Plus 24 Choice,GREEN MOUNTAIN ENERGY COMPANY,CENTERPOINT,FIXED,24,18.4,17.4,16.900000000000002,0.0,295.0,100,False,False,¡Inscríbete para electricidad 100% Pollution Free hoy mismo! Solo para nuevos clientes. Este plan requiere que te inscribas en facturación Tree Free y Auto Pay en greenmountain.com/myaccount dentro de treinta (30) días de la fecha de inicio de tu servicio. Términos y condiciones adicionales aplicables. Ve la página de confirmación de pedido para detalles.,https://signup.greenmountain.com/defl/G1F00173272023A.pdf,https://www.greenmountainenergy.com/gmec-lnd-tx-ptc/?txtPromocode=WA0TEZ&sid=APTC_1686090168&utm_campaign=Power+To+Choose+Listings&utm_medium=PTC_&utm_source=None
21298,Saver 24,Discount Power,CENTERPOINT,FIXED,24,16.3,15.8,15.5,0.0,295.0,24,False,False,Facturacion electronica y pago automatico con targeta de credito / targeta de debito o cuenta bancaria. Esta oferta es solo para nuevos clientes que se inscriban a traves de Power to Choose o utilizando el codigo de promocion especial; Codigo de promocion necesario: WQ4131.,https://www.discountpowertx.com/defl/M1F00175599565B.pdf,https://shop.discountpowertx.com/offer-selection/?txtPromocode=WQ4131&tdspCode=D0001&language=es&fromLP=ptc&sid=APTC_1686090020&utm_campaign=Power+To+Choose+Listings&utm_medium=PTC_&utm_source=None
21535,Saver 36,Discount Power,CENTERPOINT,FIXED,36,16.400000000000002,15.9,15.6,0.0,395.0,24,False,False,Facturacion electronica y pago automatico con targeta de credito / targeta de debito o cuenta bancaria. Esta oferta es solo para nuevos clientes que se inscriban a traves de Power to Choose o utilizando el codigo de promocion especial; Codigo de promocion necesario: WQ4131.,https://www.discountpowertx.com/defl/M1F00175599573B.pdf,https://shop.discountpowertx.com/offer-selection/?txtPromocode=WQ4131&tdspCode=D0001&language=es&fromLP=ptc&sid=APTC_1686090020&utm_campaign=Power+To+Choose+Listings&utm_medium=PTC_&utm_source=None
21840,Champ Saver-6,CHAMPION ENERGY SERVICES LLC,CENTERPOINT,FIXED,6,16.2,15.9,15.6,0.0,150.0,26,False,False,,https://docs.championenergyservices.com/ExternalDocs?planname=PN2390&state=TX&language=EN,https://www.championenergyservices.com/Residential/Sign-Up?promo=powertochoose
22143,Sustainable Lifestyle - 3,AMIGO ENERGY,CENTERPOINT,FIXED,3,12.2,11.3,10.9,0.0,175.0,31,False,False,A one-month GoodBundle setup and carbon offset purchase of $49.99 is required to enroll. Transmission and distribution charges passed through at cost. Call (866) 327-0839 to enroll!,https://webs.amigoenergy.com/Generate_Docs/Generate_EflLinks.aspx?RID=BTLJt8gww9o=&RCID=rv5fvOkFHh4=&L=6f+Ch9flI7k=,https://amigoenergy.com/lp/ptcsl/?utm_source=powertochoose&utm_medium=referral&utm_campaign=ST
22013,Pollution Free e-Plus 12 Choice,GREEN MOUNTAIN ENERGY COMPANY,CENTERPOINT,FIXED,12,18.4,17.4,16.900000000000002,0.0,150.0,100,False,False,Sign up for 100% Pollution Free Electricity today! For new customers only. This plan requires you to enroll in Tree Free billing and Auto Pay at greenmountain.com/myaccount within thirty (30) days of your service start date. Additional terms and conditions apply. See order confirmation page for details.,https://signup.greenmountain.com/defl/G1F00173272018A.pdf,https://shop.greenmountainenergy.com/texas/home-energy-solutions/products/?tdspCodeCCS=D0001&fromLP=ptc&txtPromocode=WA0TEZ&sid=APTC_1726590650&utm_campaign=PTC&utm_medium=PTC_&utm_source=PowerToChoose
22161,Sustainable Home Bundle - 3,TARA ENERGY,CENTERPOINT,FIXED,3,12.2,11.3,10.9,0.0,175.0,31,False,False,A one-month GoodBundle setup and carbon offset purchase of $49.99 is required to enroll. Transmission and distribution charges passed through at cost. Call (866) 327-0880 to enroll!,https://webs.taraenergy.com/Generate_Docs/Generate_EflLinks.aspx?RID=imB7M565xDI=&RCID=cacW2cvK/I0=&L=6f+Ch9flI7k=,https://taraenergy.com/ptcsl/?utm_source=powertochoose&utm_medium=referral&utm_campaign=ST
22766,Basics PTC - 60,TARA ENERGY,CENTERPOINT,FIXED,60,17.0,16.5,16.2,0.0,175.0,31,False,False,"Ask for our PTC rates. Lock in your energy rate with no Base Charges, no Minimum Use fees or Payment fees! Transmission and distribution charges passed through at cost. Please refer to the Electricity Facts Label for additional details. Call our Customer Hotline at (866) 327-0880 to sign up today!",https://webs.taraenergy.com/Generate_Docs/Generate_EflLinks.aspx?RID=jKnM/d36XXk=&RCID=cacW2cvK/I0=&L=jfm4E/YMcQk=,https://taraenergy.com/ptc/?utm_source=powertochoose&utm_medium=referral&utm_campaign=LT
24328,Basics PTC - 60,AMIGO ENERGY,CENTERPOINT,FIXED,60,17.0,16.5,16.2,0.0,175.0,31,False,False,"Ask for our PTC rates. Lock in your energy rate with no Base Charges, no Minimum Use fees or Payment fees! Transmission and distribution charges passed through at cost. Please refer to the Electricity Facts Label for additional details. Call our Customer Hotline at (866) 327-0839 to sign up today!",https://webs.amigoenergy.com/Generate_Docs/Generate_EflLinks.aspx?RID=F7D2uQ2jsyI=&RCID=rv5fvOkFHh4=&L=6f+Ch9flI7k=,https://amigoenergy.com/lp/ptc/?utm_source=powertochoose&utm_medium=referral&utm_campaign=LT
24343,Basics PTC - 36,TARA ENERGY,CENTERPOINT,FIXED,36,17.0,16.5,16.2,0.0,175.0,31,False,False,"Ask for our PTC rates. Lock in your energy rate with no Base Charges, no Minimum Use fees or Payment fees! Transmission and distribution charges passed through at cost. Please refer to the Electricity Facts Label for additional details. Call our Customer Hotline at (866) 327-0880 to sign up today!",https://webs.taraenergy.com/Generate_Docs/Generate_EflLinks.aspx?RID=XNXhI5oJzC8=&RCID=cacW2cvK/I0=&L=jfm4E/YMcQk=,https://taraenergy.com/ptc/?utm_source=powertochoose&utm_medium=referral&utm_campaign=LT
24621,Basics PTC - 36,AMIGO ENERGY,CENTERPOINT,FIXED,36,17.0,16.5,16.2,0.0,175.0,31,False,False,"Ask for our PTC rates. Lock in your energy rate with no Base Charges, no Minimum Use fees or Payment fees! Transmission and distribution charges passed through at cost. Please refer to the Electricity Facts Label for additional details. Call our Customer Hotline at (866) 327-0839 to sign up today!",https://webs.amigoenergy.com/Generate_Docs/Generate_EflLinks.aspx?RID=eAhGgfwqGU8=&RCID=rv5fvOkFHh4=&L=6f+Ch9flI7k=,https://amigoenergy.com/lp/ptc/?utm_source=powertochoose&utm_medium=referral&utm_campaign=LT
24638,Sustainable Days Bundle - 3,JUST ENERGY,CENTERPOINT,FIXED,3,12.2,11.3,10.8,0.0,175.0,31,False,True,FREE electricity from 9:00 AM to 4:00 PM daily. A one-month GoodBundle setup and carbon offset purchase of $49.99 is required to enroll. Call (866) 327-0821 to enroll!,https://webs.justenergydeals.com/Generate_Docs/Generate_EflLinks.aspx?RID=vVII7aGnkTg=&RCID=gNASPlhlupI=&L=6f+Ch9flI7k=,https://justenergy.com/affiliatepartner/ptcsl/?utm_source=powertochoose&utm_medium=referral&utm_campaign=ST
25236,Reliant Power On 12 Plan,RELIANT,CENTERPOINT,FIXED,12,17.5,16.5,16.0,0.0,150.0,24,False,False,This offer is for new customers only who enroll through Power to Choose,https://www.reliant.com/defl/R1F00180021333A.pdf,https://shop.reliant.com/plans-for-you/?tdspCodeCCS=D0001&fromLP=ptc&txtPromocode=WF3713&sid=APTC_1686089562&utm_source=None&utm_campaign=Power+To+Choose+Listings&utm_medium=PTC_
26029,Autopay Texas 18,DIRECT ENERGY,CENTERPOINT,FIXED,18,17.8,16.8,16.3,0.0,180.0,24,False,False,"Lock in a fixed Texas energy rate for 18 months! Monthly base charge $4.95. For new customers only. If you stop Auto Pay at any time during your contract, you will be charged an AutoPay Breakage Fee of $5/month. If you cancel your plan early, you will be charged a $180 early termination fee. Terms and conditions apply.",https://documents.directenergy.com/dynamic/efl/D1F00171873930B.pdf,https://shop.directenergy.com/tx/product-chart-tabs?tdspCode=D0001&promo_code=WHPGCD&sid=APTC_1726591058&utm_campaign=PTC&utm_medium=PTC_&utm_source=PowerToChoose
26129,Frontier Power Saver 6,FRONTIER UTILITIES,CENTERPOINT,FIXED,6,12.0,11.5,11.3,0.0,150.0,30,False,False,This offer is for new customers only who enroll through the Power to Choose website.,https://eflviewer.frontierutilities.com/eflviewer.aspx?lang=EN&prodcode=FPOWSVR06&tdspcode=CNP,https://newenroll.frontierutilities.com/?refid=PTCFPS06&ul=1000&tdsp=CNP
26323,Choose 15,SPARK ENERGY LLC,CENTERPOINT,FIXED,15,15.4,14.899999999999999,14.6,0.0,100.0,35,False,False,,https://www.sparkenergy.com/products-and-services/?getproductpdf=1&PromotionCode=PTC&ProductID=148482&type=EFL&title=Electricity+Facts+Label&language=english,https://www.sparkenergy.com/products-and-services/?PromotionCode=PTC
26302,Octo Green 12,Octopus Energy,CENTERPOINT,FIXED,12,14.2,13.700000000000001,13.5,0.0,150.0,100,False,False,"An energy plan that combines technology and green energy! Sign up and connect your qualifying smart device (thermostat or electric vehicle (EV)) to our Intelligent Octopus feature through our App for a lower Octopus Energy Charge. If no qualifying smart device is connected then the default Octopus Energy Charge shall apply. Please review to the Electricity Facts Label for additional details. More information on Intelligent Octopus terms and conditions can be found at https://assets.octopusenergy.com/x/e71b875d6d/intelligent-octopus-en.pdf. Interested in qualifying for the discounted rate, call one of our Energy Specials at (833) 628-6888! Qualifying smart thermostats include: Amazon, Honeywell, ecobee and Sensi. Qualifying EVs include: BMW, Tesla, Audi, Mini Cooper, Volkswagen, Porsche, Ford, and Jaguar.",https://octopusenergy.com/efl?id=340&service-provider=CENTERPOINT&load-zone=LZ_HOUSTON&lang=en,https://octopusenergy.com/affiliate/ptc
26309,Choose 12,SPARK ENERGY LLC,CENTERPOINT,FIXED,12,15.4,14.899999999999999,14.6,0.0,100.0,35,False,False,,https://www.sparkenergy.com/products-and-services/?getproductpdf=1&PromotionCode=PTC&ProductID=148481&type=EFL&title=Electricity+Facts+Label&language=english,https://www.sparkenergy.com/products-and-services/?PromotionCode=PTC
26149,Gexa Eco Choice 12,GEXA ENERGY,CENTERPOINT,FIXED,12,14.499999999999998,14.000000000000002,13.8,0.0,150.0,100,False,False,Lock in a great fixed rate plan. |Free online bill pay and automatic billing options are also available.|This offer is for new customers only who enroll through the Power to Choose website.,https://eflviewer.gexaenergy.com/eflviewer.aspx?lang=EN&prodcode=GXAECOCHI12&tdspcode=CNP,https://newenroll.gexaenergy.com/?refid=PTC_EcoChoice12&ul=1000&tdsp=CNP
26872,Autopay Texas 24,DIRECT ENERGY,CENTERPOINT,FIXED,24,18.0,17.0,16.5,0.0,295.0,24,False,False,"Lock in a fixed Texas energy rate for 24 months! Monthly base charge $4.95. For new customers only. If you stop Auto Pay at any time during your contract, you will be charged an AutoPay Breakage Fee of $5/month. If you cancel your plan early, you will be charged a $135 early termination fee. Terms and conditions apply.",https://documents.directenergy.com/dynamic/efl/D1F00171874002B.pdf,https://shop.directenergy.com/tx/product-chart-tabs?tdspCode=D0001&promo_code=WHPGCD&sid=APTC_1726591058&utm_campaign=PTC&utm_medium=PTC_&utm_source=PowerToChoose
26882,Autopay Texas 36,DIRECT ENERGY,CENTERPOINT,FIXED,36,18.099999999999998,17.1,16.6,0.0,295.0,24,False,False,"Lock in a fixed Texas energy rate for 36 months! Monthly base charge $4.95. For new customers only. If you stop Auto Pay at any time during your contract, you will be charged an AutoPay Breakage Fee of $5/month. If you cancel your plan early, you will be charged a $135 early termination fee. Terms and conditions apply.",https://documents.directenergy.com/dynamic/efl/D1F00171874073B.pdf,https://shop.directenergy.com/tx/product-chart-tabs?tdspCode=D0001&promo_code=WHPGCD&sid=APTC_1726591058&utm_campaign=PTC&utm_medium=PTC_&utm_source=PowerToChoose
26804,Reliant Power on 36 Plan,RELIANT,CENTERPOINT,FIXED,36,17.7,16.7,16.2,0.0,395.0,24,False,False,This offer is for new customers only who enroll through Power to Choose,https://www.reliant.com/defl/R1F00180021165A.pdf,https://shop.reliant.com/plans-for-you/?tdspCodeCCS=D0001&fromLP=ptc&txtPromocode=WF3713&sid=APTC_1686089562&utm_source=None&utm_campaign=Power+To+Choose+Listings&utm_medium=PTC_
27016,True Value 24,TRUE POWER,CENTERPOINT,FIXED,24,14.799999999999999,14.299999999999999,14.099999999999998,0.0,300.0,15,False,False,,https://truepowerefl.com/eflportal/efl/view/Centerpoint/671,https://truepower.com/partner/ptc/
27044,Pollution Free e-Plus 36 Choice,GREEN MOUNTAIN ENERGY COMPANY,CENTERPOINT,FIXED,36,18.4,17.4,16.900000000000002,0.0,395.0,100,False,False,Sign up for 100% Pollution Free Electricity today! This plan requires you to enroll in Tree Free billing and Auto Pay at greenmountain.com/myaccount within thirty (30) days of your service start date. Additional terms and conditions apply. See order confirmation page for details.,https://signup.greenmountain.com/defl/G1F00173271830A.pdf,https://shop.greenmountainenergy.com/texas/home-energy-solutions/products/?tdspCodeCCS=D0001&fromLP=ptc&txtPromocode=WA0TEZ&sid=APTC_1726590650&utm_campaign=PTC&utm_medium=PTC_&utm_source=PowerToChoose
27021,True Value 16,TRUE POWER,CENTERPOINT,FIXED,16,15.9,15.4,15.2,0.0,300.0,15,False,False,,https://truepowerefl.com/eflportal/efl/view/Centerpoint/813,https://truepower.com/partner/ptc/
27114,True Value 12,TRUE POWER,CENTERPOINT,FIXED,12,14.099999999999998,13.600000000000001,13.4,0.0,300.0,15,False,False,,https://truepowerefl.com/eflportal/efl/view/Centerpoint/681,https://truepower.com/partner/ptc/
27117,True Value 28,TRUE POWER,CENTERPOINT,FIXED,28,15.6,15.1,14.899999999999999,0.0,300.0,15,False,False,,https://truepowerefl.com/eflportal/efl/view/Centerpoint/814,https://truepower.com/partner/ptc/
27170,True Value 36,TRUE POWER,CENTERPOINT,FIXED,36,14.899999999999999,14.399999999999999,14.2,0.0,300.0,15,False,False,,https://truepowerefl.com/eflportal/efl/view/spanish/Centerpoint/670,https://truepower.com/partner/ptc/
27519,Branch Fixed 12,BRANCH ENERGY (TEXAS) LLC,CENTERPOINT,FIXED,12,16.6,16.1,15.9,0.0,120.0,100,False,False,Branch hace que sea fácil ahorrar dinero cambiando a energía 100% limpia. Está claro.,https://assets.oak.phloem.io/docs/16f158c8-d82a-4ad2-b124-382eee44dc31/html,https://signup.branchenergy.com/?utm_source=ptc&ljs=es-MX
27201,Connect & Save 12 -      Save Energy. Get Paid.,OhmConnect Energy,CENTERPOINT,FIXED,12,16.1,15.6,15.4,0.0,150.0,26,False,False,Choose the energy company that pays you! Sign up for a low rate and earn rewards when you participate in our energy-saving events. Automate and earn more rewards with smart home devices after you sign up! Learn more at: tx.ohmconnect.com,https://bit.ly/4po3Ul8,https://www.ohmconnect.com/texas/?aid=736101&lsid=2&campaign=ptc&locale=en
27252,Connect & Save 12,OhmConnect Energy,CENTERPOINT,FIXED,12,16.1,15.6,15.4,0.0,150.0,26,False,False,¡Elige la compañía de energía que le paga! Inscríbase para obtener una tarifa baja y gane recompensas cuando participe en nuestros eventos de ahorro de energía. ¡Automatice y gane más con dispositivos domésticos inteligentes después de registrarse! Mas informes en: tx.ohmconnect.com,https://bit.ly/4poSXzA,https://www.ohmconnect.com/texas/?aid=736101&lsid=2&campaign=ptc&locale=es
27785,Autopay Texas 12,DIRECT ENERGY,CENTERPOINT,FIXED,12,17.8,16.8,16.3,0.0,150.0,24,False,False,"Lock in a fixed Texas energy rate for 12 months! Monthly base charge $4.95. For new customers only. If you stop Auto Pay at any time during your contract, you will be charged an AutoPay Breakage Fee of $5/month. If you cancel your plan early, you will be charged a $150 early termination fee. Terms and conditions apply.",https://documents.directenergy.com/dynamic/efl/D1F00171873882B.pdf,https://shop.directenergy.com/tx/product-chart-tabs?tdspCode=D0001&promo_code=WHPGCD&sid=APTC_1726591058&utm_campaign=PTC&utm_medium=PTC_&utm_source=PowerToChoose
27819,Embrace Green 6 - New Customer Special,CleanSky Energy,CENTERPOINT,FIXED,6,12.9,12.4,12.1,0.0,75.0,100,False,False,This plan is for new customers only. Autopay is required. Please enroll through the PowertoChoose sign up link. Have a question about a plan or need help placing an order? Call us: 1-888-733-5557 | Email us: CustomerCare@CleanSkyEnergy.com,https://rates.titangasandpower.com/Frontend/DownloadDoc?path=713d3819-505d-49df-bfd8-be71a9c6d2c7.html&id_plan=555530,https://signup.cleanskyenergy.com/rates?utility_id=112&promocode=PTCHOOSETX
27821,Embrace Green 12 - New Customer Special,CleanSky Energy,CENTERPOINT,FIXED,12,14.499999999999998,14.000000000000002,13.8,0.0,150.0,100,False,False,This plan is for new customers only. Autopay is required. Please enroll through the PowertoChoose sign up link. Have a question about a plan or need help placing an order? Call us: 1-888-733-5557 | Email us: CustomerCare@CleanSkyEnergy.com,https://rates.titangasandpower.com/Frontend/DownloadDoc?path=713d3819-505d-49df-bfd8-be71a9c6d2c7.html&id_plan=555529,https://signup.cleanskyenergy.com/rates?utility_id=112&promocode=PTCHOOSETX
27823,Embrace Green 24 - New Customer Special,CleanSky Energy,CENTERPOINT,FIXED,24,14.899999999999999,14.399999999999999,14.099999999999998,0.0,225.0,100,False,False,This plan is for new customers only. Autopay is required. Please enroll through the PowertoChoose sign up link. Have a question about a plan or need help placing an order? Call us: 1-888-733-5557 | Email us: CustomerCare@CleanSkyEnergy.com,https://rates.titangasandpower.com/Frontend/DownloadDoc?path=713d3819-505d-49df-bfd8-be71a9c6d2c7.html&id_plan=555532,https://signup.cleanskyenergy.com/rates?utility_id=112&promocode=PTCHOOSETX
27875,Simple Switch 5,CONSTELLATION NEWENERGY INC,CENTERPOINT,FIXED,5,12.9,12.4,12.2,0.0,50.0,26,False,False,This offer is for first time customers only who enroll through the Power to Choose website. Check out our other great rates available! https://www.constellation.com/,https://www.constellation.com/bin/residential/GetContractVersionPDF?versionNum=4906388,https://www.constellation.com/content/constellation/en/campaigns/powertochoose.html?UTM_source=powertochoose.org&UTM_medium=referral
27888,Embrace Green 36 - New Customer Special,CleanSky Energy,CENTERPOINT,FIXED,36,14.899999999999999,14.399999999999999,14.099999999999998,0.0,275.0,100,False,False,This plan is for new customers only. Autopay is required. Please enroll through the PowertoChoose sign up link. Have a question about a plan or need help placing an order? Call us: 1-888-733-5557 | Email us: CustomerCare@CleanSkyEnergy.com,https://rates.titangasandpower.com/Frontend/DownloadDoc?path=713d3819-505d-49df-bfd8-be71a9c6d2c7.html&id_plan=555534,https://signup.cleanskyenergy.com/rates?utility_id=112&promocode=PTCHOOSETX
28112,Reliant Power On 18,RELIANT,CENTERPOINT,FIXED,18,17.299999999999997,16.3,15.8,0.0,180.0,15,False,False,This offer is for new customers only who enroll through Power to Choose,https://www.reliant.com/defl/R1F00180021145A.pdf,http://www.reliant.com/public/startOEProcess.htm?tdspCodeCCS=D0001&fromLP=ptc&txtPromocode=WF3713&sid=A3P_1562314131
28149,Connect & Save 24 -      Save Energy. Get Paid.,OhmConnect Energy,CENTERPOINT,FIXED,24,16.3,15.8,15.5,0.0,250.0,26,False,False,Choose the energy company that pays you! Sign up for a low rate and earn rewards when you participate in our energy-saving events. Automate and earn more rewards with smart home devices after you sign up! Learn more at: tx.ohmconnect.com,https://bit.ly/4qEbhpy,https://www.ohmconnect.com/texas/?aid=736101&lsid=2&campaign=ptc&locale=en
28215,Frontier Power Saver 12,FRONTIER UTILITIES,CENTERPOINT,FIXED,12,14.299999999999999,13.8,13.600000000000001,0.0,150.0,30,False,False,This offer is for new customers only who enroll through the Power to Choose website.,https://eflviewer.frontierutilities.com/eflviewer.aspx?lang=EN&prodcode=FPOWSVR12&tdspcode=CNP,https://newenroll.frontierutilities.com/?refid=PTCFPS12&ul=1000&tdsp=CNP
28277,GoodEnergy 12,GOOD CHARLIE & CO LLC,CENTERPOINT,FIXED,12,16.7,15.7,15.2,0.0,,26,False,False,Includes FREE 24/7 unlimited access to licensed veterinarians and $750 to fund an emergency vet bill. Covers up to 5 pets.  Plan requires paperless billing and communication.,https://api.goodcharlie.com/products/2046/EFL/Centerpoint/latest/en,https://goodcharlie.me/PTC-GoodEnergy12-CENTERPOINT
28255,GoodEnergy 24,GOOD CHARLIE & CO LLC,CENTERPOINT,FIXED,24,16.900000000000002,15.9,15.4,0.0,,26,False,False,Includes FREE 24/7 unlimited access to licensed veterinarians and $750 to fund an emergency vet bill. Covers up to 5 pets.  Plan requires paperless billing and communication.,https://api.goodcharlie.com/products/2047/EFL/Centerpoint/latest/en,https://goodcharlie.me/PTC-GoodEnergy24-CENTERPOINT
28304,GoodEnergy 36,GOOD CHARLIE & CO LLC,CENTERPOINT,FIXED,36,17.1,16.1,15.6,0.0,,26,False,False,Includes FREE 24/7 unlimited access to licensed veterinarians and $750 to fund an emergency vet bill. Covers up to 5 pets.  Plan requires paperless billing and communication.,https://api.goodcharlie.com/products/2048/EFL/Centerpoint/latest/en,https://goodcharlie.me/PTC-GoodEnergy36-CENTERPOINT
28414,Connect & Save 24,OhmConnect Energy,CENTERPOINT,FIXED,24,16.3,15.8,15.5,0.0,250.0,26,False,False,¡Elige la compañía de energía que le paga! Inscríbase para obtener una tarifa baja y gane recompensas cuando participe en nuestros eventos de ahorro de energía. ¡Automatice y gane más con dispositivos domésticos inteligentes después de registrarse! Mas informes en: tx.ohmconnect.com,https://bit.ly/3YlJ9eF,https://www.ohmconnect.com/texas/?aid=736101&lsid=2&campaign=ptc&locale=es
28411,Connect & Save 36 -      Save Energy. Get Paid.,OhmConnect Energy,CENTERPOINT,FIXED,36,16.3,15.9,15.6,0.0,250.0,26,False,False,Choose the energy company that pays you!Sign up for a low rate and earn rewards when you participate in our energy-saving events. Automate and earn more rewards with smart home devices after you sign up!Learn more at: tx.ohmconnect.com,https://bit.ly/4pmbMU3,https://www.ohmconnect.com/texas/?aid=736101&lsid=2&campaign=ptc&locale=en
28763,GoodEnergy 16,GOOD CHARLIE & CO LLC,CENTERPOINT,FIXED,16,16.400000000000002,15.4,14.899999999999999,0.0,,26,False,False,Includes FREE 24/7 unlimited access to licensed veterinarians and $750 to fund an emergency vet bill. Covers up to 5 pets. Plan requires paperless billing and communication.,https://api.goodcharlie.com/products/2117/EFL/Centerpoint/latest/en,https://goodcharlie.me/PTC-GoodEnergy16-CENTERPOINT
28727,Gexa Eco Choice Plus 12,GEXA ENERGY,CENTERPOINT,FIXED,12,15.0,14.000000000000002,13.5,0.0,150.0,100,False,False,Lock in a great fixed rate plan. |Free online bill pay and automatic billing options are also available. |This offer is for customers who enroll through the Power to Choose website.,https://eflviewer.gexaenergy.com/eflviewer.aspx?lang=EN&prodcode=GXAECOCHIPLS12&tdspcode=CNP,https://newenroll.gexaenergy.com/?refid=PTC_EcoChoicePls12&ul=1000&tdsp=CNP
28854,Saver 6,Discount Power,CENTERPOINT,FIXED,6,14.7,14.2,13.900000000000002,0.0,150.0,24,False,False,"Electronic Billing and Auto payment via bank draft, credit card, or debit card available. This offer is for new customers only who enroll through Power to Choose or by using special promo code; Promo Code Required: WQ4135",https://www.discountpowertx.com/defl/M1F00172947528B.pdf,https://shop.discountpowertx.com/offer-selection/?txtPromocode=WQ4131&tdspCode=D0001&fromLP=ptc&sid=APTC_1686090020&utm_campaign=Power+To+Choose+Listings&utm_medium=PTC_&utm_source=None
29050,Connect & Save 36,OhmConnect Energy,CENTERPOINT,FIXED,36,16.3,15.9,15.6,0.0,250.0,26,False,False,¡Elige la compañía de energía que le paga! Inscríbase para obtener una tarifa baja y gane recompensas cuando participe en nuestros eventos de ahorro de energía. ¡Automatice y gane más con dispositivos domésticos inteligentes después de registrarse! Mas informes en: tx.ohmconnect.com,https://bit.ly/4peMVkV,https://www.ohmconnect.com/texas/?aid=736101&lsid=2&campaign=ptc&locale=es
29208,Choose 6,SPARK ENERGY LLC,CENTERPOINT,FIXED,6,13.600000000000001,13.100000000000001,12.8,0.0,100.0,35,False,False,,https://www.sparkenergy.com/products-and-services/?getproductpdf=1&PromotionCode=PTC&ProductID=150853&type=EFL&title=Electricity+Facts+Label&language=english,https://www.sparkenergy.com/products-and-services/?PromotionCode=PTC
29236,Tarifa Fija y Inteligente - 12,Ranchero Power,CENTERPOINT,FIXED,12,16.3,15.299999999999999,14.899999999999999,0.0,179.0,6,False,False,Solo para clientes nuevos y recurrentes.,https://bit.ly/48zXuKv,http://www.rancheropower.com
29241,Tarifa Fija y Inteligente – 36,Ranchero Power,CENTERPOINT,FIXED,36,15.8,14.799999999999999,14.399999999999999,0.0,179.0,6,False,False,,https://bit.ly/4jhElRh,http://www.rancheropower.com
29246,Tarifa Fija y Inteligente – 3,Ranchero Power,CENTERPOINT,FIXED,3,12.3,11.3,10.9,0.0,179.0,6,False,False,,https://bit.ly/4pCv8og,http://www.rancheropower.com
29250,Tarifa Fija y Inteligente - 6,Ranchero Power,CENTERPOINT,FIXED,6,13.600000000000001,12.6,12.2,0.0,179.0,6,False,False,Solo para clientes nuevos y recurrentes.,https://bit.ly/49l4fyY,http://Rancheropower.com
29255,Smart & Fixed - 12,Ranchero Power,CENTERPOINT,FIXED,12,16.3,15.299999999999999,14.899999999999999,0.0,179.0,6,False,False,New and returning customers only.,https://bit.ly/4avLriP,http://Rancheropower.com
29256,Ranchero Fija y Inteligente - 18,Ranchero Power,CENTERPOINT,FIXED,18,15.299999999999999,14.299999999999999,13.900000000000002,0.0,179.99,6,False,False,,https://bit.ly/3YQ1Uac,
29268,Ranchero Smart & Fixed - 18,Ranchero Power,CENTERPOINT,FIXED,18,15.299999999999999,14.299999999999999,13.900000000000002,0.0,179.99,6,False,False,,https://bit.ly/48WMhUu,http://Rancheropower.com
29273,Smart & Fixed - 3,Ranchero Power,CENTERPOINT,FIXED,3,12.3,11.3,10.9,0.0,179.0,6,False,False,,https://bit.ly/4qAnsDG,http://Rancheropower.com
29278,Ranchero Smart & Fixed - 6,Ranchero Power,CENTERPOINT,FIXED,6,13.600000000000001,12.6,12.2,0.0,179.0,6,False,False,New and returning customers only.,https://bit.ly/3NnS90r,http://Rancheropower.com
29283,Smart & Fixed - 36,Ranchero Power,CENTERPOINT,FIXED,36,15.8,14.799999999999999,14.399999999999999,0.0,179.0,6,False,False,,https://bit.ly/4pkgwd1,http://Rancheropower.com
29296,SoFed Better Rate - 6,SOUTHERN FEDERAL POWER LLC,CENTERPOINT,FIXED,6,13.5,12.5,12.1,0.0,249.0,6,False,False,,https://bit.ly/3MZa39R,http://southernfederal.com
29298,SoFed Mejor Tarifa – 6,SOUTHERN FEDERAL POWER LLC,CENTERPOINT,FIXED,6,13.5,12.5,12.1,0.0,249.0,6,False,False,,https://bit.ly/4aJdPOx,http://www.southernfederal.com
29306,SoFed Better Rate - 36,SOUTHERN FEDERAL POWER LLC,CENTERPOINT,FIXED,36,15.7,14.7,14.299999999999999,0.0,249.0,6,False,False,,https://bit.ly/45m6As5,http://southernfederal.com
29308,SoFed Mejor Tarifa – 36,SOUTHERN FEDERAL POWER LLC,CENTERPOINT,FIXED,36,15.7,14.7,14.299999999999999,0.0,249.0,6,False,False,,https://bit.ly/4qqtV3V,http://www.southernfederal.com
29326,SoFed Mejor Tarifa – 12,SOUTHERN FEDERAL POWER LLC,CENTERPOINT,FIXED,12,16.2,15.2,14.799999999999999,0.0,249.0,6,False,False,Solo para clientes nuevos y recurrentes.,https://bit.ly/48xpa2C,http://www.southernfederal.com
29338,SoFed Mejor Tarifa – 3,SOUTHERN FEDERAL POWER LLC,CENTERPOINT,FIXED,3,12.2,11.200000000000001,10.8,0.0,249.0,6,False,False,,https://bit.ly/4ps1a67,
29342,SoFed Better Rate - 12,SOUTHERN FEDERAL POWER LLC,CENTERPOINT,FIXED,12,16.2,15.2,14.799999999999999,0.0,249.0,6,False,False,New and returning customers only.,https://bit.ly/4aLhjQk,http://www.southernfederal.com/
29320,SoFed Better Rate - 3,SOUTHERN FEDERAL POWER LLC,CENTERPOINT,FIXED,3,12.2,11.200000000000001,10.8,0.0,249.0,6,False,False,,https://bit.ly/4qJYKks,
29357,SoFed Better Rate - 18,SOUTHERN FEDERAL POWER LLC,CENTERPOINT,FIXED,18,15.2,14.2,13.8,0.0,249.0,6,False,False,,https://bit.ly/3YguotK,https://southernfederal.com
29429,Daisy 12,BKV Energy,CENTERPOINT,FIXED,12,15.0,14.499999999999998,14.2,0.0,,29,False,False,Esta oferta es exclusiva para nuevos clientes que se inscriban a través del sitio web Power to Choose.,https://enroll.bkvenergy.com/Home/EFL?productCode=RN00001194&term=12&ver=spanish,https://enroll.bkvenergy.com/?promo=PTCALL0001
29512,Sure Value 36,TRIEAGLE ENERGY LP,CENTERPOINT,FIXED,36,18.4,14.899999999999999,16.1,0.0,,3,False,False,"Our rates are transparent. No hidden fees or minimum usage penalties. TDU delivery charges are built into the rates at no markup, so there’s no guessing about what you pay.",https://shopping.trieagleenergy.com/PDFGenerator?formType=EnergyFactsLabel&comProdId=CPXTESRVALC36AA&tdsp=CENTERP&lang=en&custClass=Residential,https://www.trieagleenergy.com/PTC
30349,Stars and Stripes 9,REVOLUTION ENERGY LLC,CENTERPOINT,FIXED,9,16.0,15.1,14.7,0.0,175.0,26,False,False,"Affordable, hassle-free energy from Revolution Energy, the company that has your back. Offer only available for new Revolution Energy customers. This plan is not eligible to be used in conjunction with any referral or promotional codes.",https://e966f83b313c3b45ede3-64a631b37f7b69cdf842d11bca52af9c.ssl.cf5.rackcdn.com//202601/EFL-20260107-155000-CENTERPT-Stars and Stripes 9 (English).pdf,https://www.joinarevolution.com/signup/signup-step1/?id=329247&promotion=NONE&valid=N&referral=&landingpage=ptc
30389,Stars and Stripes 12,REVOLUTION ENERGY LLC,CENTERPOINT,FIXED,12,15.2,14.299999999999999,13.8,0.0,200.0,26,False,False,"Affordable, hassle-free energy from Revolution Energy, the company that has your back. Offer only available for new Revolution Energy customers. This plan is not eligible to be used in conjunction with any referral or promotional codes.",https://e966f83b313c3b45ede3-64a631b37f7b69cdf842d11bca52af9c.ssl.cf5.rackcdn.com//202601/EFL-20260107-155000-CENTERPT-Stars and Stripes 12 (English).pdf,https://www.joinarevolution.com/signup/signup-step1/?id=329212&promotion=NONE&valid=N&referral=&landingpage=ptc
30429,Stars and Stripes 18,REVOLUTION ENERGY LLC,CENTERPOINT,FIXED,18,14.799999999999999,13.900000000000002,13.5,0.0,250.0,26,False,False,"Affordable, hassle-free energy from Revolution Energy, the company that has your back. Offer only available for new Revolution Energy customers. This plan is not eligible to be used in conjunction with any referral or promotional codes.",https://e966f83b313c3b45ede3-64a631b37f7b69cdf842d11bca52af9c.ssl.cf5.rackcdn.com//202601/EFL-20260107-155000-CENTERPT-Stars and Stripes 18 (English).pdf,https://www.joinarevolution.com/signup/signup-step1/?id=329217&promotion=NONE&valid=N&referral=&landingpage=ptc
30506,Stars and Stripes 24,REVOLUTION ENERGY LLC,CENTERPOINT,FIXED,24,15.299999999999999,14.399999999999999,14.000000000000002,0.0,300.0,26,False,False,"Affordable, hassle-free energy from Revolution Energy, the company that has your back. Offer only available for new Revolution Energy customers. This plan is not eligible to be used in conjunction with any referral or promotional codes.",https://e966f83b313c3b45ede3-64a631b37f7b69cdf842d11bca52af9c.ssl.cf5.rackcdn.com//202601/EFL-20260107-155000-CENTERPT-Stars and Stripes 24 (English).pdf,https://www.joinarevolution.com/signup/signup-step1/?id=329227&promotion=NONE&valid=N&referral=&landingpage=ptc
30598,Stars and Stripes 36,REVOLUTION ENERGY LLC,CENTERPOINT,FIXED,36,15.4,14.499999999999998,14.000000000000002,0.0,375.0,26,False,False,"Affordable, hassle-free energy from Revolution Energy, the company that has your back. Offer only available for new Revolution Energy customers. This plan is not eligible to be used in conjunction with any referral or promotional codes.",https://e966f83b313c3b45ede3-64a631b37f7b69cdf842d11bca52af9c.ssl.cf5.rackcdn.com//202601/EFL-20260107-155000-CENTERPT-Stars and Stripes 36 (English).pdf,https://www.joinarevolution.com/signup/signup-step1/?id=329232&promotion=NONE&valid=N&referral=&landingpage=ptc
29540,SoFed Mejor Tarifa – 18,SOUTHERN FEDERAL POWER LLC,CENTERPOINT,FIXED,18,15.2,14.2,13.8,0.0,249.0,6,False,False,Solo para clientes nuevos y recurrentes.,https://bit.ly/4pV6D6p,http://southernfederal.com
31482,Simple Savings 36,TRIEAGLE ENERGY LP,CENTERPOINT,FIXED,36,17.299999999999997,16.8,16.5,0.0,,3,False,False,"Our rates are transparent. No hidden fees or minimum usage penalties. TDU delivery charges are built into the rates at no markup, so there’s no guessing about what you pay.",https://shopping.trieagleenergy.com/PDFGenerator?formType=EnergyFactsLabel&comProdId=CPXTESMSAVC36AA&tdsp=CENTERP&lang=en&custClass=Residential,https://www.trieagleenergy.com/PTC
31495,Simple Savings 12,TRIEAGLE ENERGY LP,CENTERPOINT,FIXED,12,16.7,16.2,15.9,0.0,,3,False,False,"Our rates are transparent. No hidden fees or minimum usage penalties. TDU delivery charges are built into the rates at no markup, so there’s no guessing about what you pay.",https://shopping.trieagleenergy.com/PDFGenerator?formType=EnergyFactsLabel&comProdId=CPXTESMSAVC12AA&tdsp=CENTERP&lang=en&custClass=Residential,https://www.trieagleenergy.com/PTC
31507,Simple Green 36,TRIEAGLE ENERGY LP,CENTERPOINT,FIXED,36,18.3,17.8,17.5,0.0,,100,False,False,"Our rates are transparent. No hidden fees or minimum usage penalties. TDU delivery charges are built into the rates at no markup, so there’s no guessing about what you pay.",https://shopping.trieagleenergy.com/PDFGenerator?formType=EnergyFactsLabel&comProdId=CPXTESMGRNC36AA&tdsp=CENTERP&lang=en&custClass=Residential,https://www.trieagleenergy.com/PTC
31818,PTC 12 Month - Postpaid,PAYLESS POWER,CENTERPOINT,FIXED,12,17.4,16.900000000000002,16.6,0.0,199.0,26,False,False,Fixed Price for 12 months.  No deposit with approved credit.,https://paylesspower.com/files/92_2_eng.pdf,https://paylesspower.com/?affiliate=487447&planType=2
31820,PTC 6 Month - Postpaid,PAYLESS POWER,CENTERPOINT,FIXED,6,16.400000000000002,15.9,15.6,0.0,149.0,26,False,False,Fixed Price for 6 months.  No deposit with approved credit.,https://paylesspower.com/files/93_2_eng.pdf,https://paylesspower.com/?affiliate=487447&planType=2
31823,PTC 3 Month - Postpaid,PAYLESS POWER,CENTERPOINT,FIXED,3,16.400000000000002,15.9,15.6,0.0,99.0,26,False,False,Fixed Price for 3 months.  No deposit with approved credit.,https://paylesspower.com/files/94_2_eng.pdf,https://paylesspower.com/?affiliate=487447&planType=2
31716,Gexa Eco Choice Plus 6,GEXA ENERGY,CENTERPOINT,FIXED,6,12.6,11.600000000000001,11.1,0.0,150.0,100,False,False,Lock in a great fixed rate plan. |Free online bill pay and automatic billing options are also available. |This offer is for customers who enroll through the Power to Choose website.,https://eflviewer.gexaenergy.com/eflviewer.aspx?lang=EN&prodcode=GXAECOCHIPLS6&tdspcode=CNP,https://newenroll.gexaenergy.com/?refid=PTC_EcoChoicePls06&ul=1000&tdsp=CNP
31957,Basics PTC - 60,JUST ENERGY,CENTERPOINT,FIXED,60,17.0,16.5,16.2,0.0,175.0,31,False,False,"Ask for our PTC rates. Lock in your energy rate with no Base Charges, no Minimum Use fees or Payment fees! Transmission and distribution charges passed through at cost. Please refer to the Electricity Facts Label for additional details. Call our Customer Hotline at (866) 327-0821 to sign up today!",https://webs.justenergydeals.com/Generate_Docs/Generate_EflLinks.aspx?RID=F8VRfORJhdo=&RCID=gNASPlhlupI=&L=6f+Ch9flI7k=,https://justenergy.com/affiliatepartner/ptc/?utm_source=powertochoose&utm_medium=referral&utm_campaign=LT
31927,Straight Forward 12,Abundance Energy,CENTERPOINT,FIXED,12,15.4,14.399999999999999,13.900000000000002,0.0,150.0,25,False,False,Go to Abundance Energy website to see all plans and term lengths.,https://api.quextenergy.onproton.io/enrollment/document?template_bucket=abundance-product-templates&template_file=tx/Straightforward_EFL.docx&rate_id=9888,https://join.abundanceenergy.com/?promoCode=PTC
31969,Basics PTC - 24,AMIGO ENERGY,CENTERPOINT,FIXED,24,17.0,16.5,16.2,0.0,175.0,31,False,False,"Ask for our PTC rates. Lock in your energy rate with no Base Charges, no Minimum Use fees or Payment fees! Transmission and distribution charges passed through at cost. Please refer to the Electricity Facts Label for additional details. Call our Customer Hotline at (866) 327-0839 to sign up today!",https://webs.amigoenergy.com/Generate_Docs/Generate_EflLinks.aspx?RID=A273rW86gpk=&RCID=rv5fvOkFHh4=&L=6f+Ch9flI7k=,https://amigoenergy.com/lp/ptc/?utm_source=powertochoose&utm_medium=referral&utm_campaign=LT
31979,Basics PTC - 24,TARA ENERGY,CENTERPOINT,FIXED,24,17.0,16.5,16.2,0.0,175.0,31,False,False,"Ask for our PTC rates. Lock in your energy rate with no Base Charges, no Minimum Use fees or Payment fees! Transmission and distribution charges passed through at cost. Please refer to the Electricity Facts Label for additional details. Call our Customer Hotline at (866) 327-0880 to sign up today!",https://webs.taraenergy.com/Generate_Docs/Generate_EflLinks.aspx?RID=iNRG+F19+3M=&RCID=cacW2cvK/I0=&L=6f+Ch9flI7k=,https://taraenergy.com/ptc/?utm_source=powertochoose&utm_medium=referral&utm_campaign=LT
33198,TrueClassic 12,AP GAS & ELECTRIC (TX) LLC,CENTERPOINT,FIXED,12,14.899999999999999,14.399999999999999,14.2,0.0,200.0,6,False,False,Lock in a straightforward fixed rate plan that gives you price security for the next 12 months. Flexible. Affordable. Energy. That's APG&E!,https://artemis-api.apge.com/api/v1/document?documentId=73&offerCode=TXSRB12_CTP_NA_NA_RES_FPR_SD0_T12_NEW,https://www.apge.com/enroll#/offer?offerCode=https://artemis-api.apge.com/api/v1/document?documentId=73&offerCode=TXSRB12_CTP_NA_NA_RES_FPR_SD0_T12_NEW&deploymentName=TX%20State%20Rate%20Board
33171,Simple Savings 28,TRIEAGLE ENERGY LP,CENTERPOINT,FIXED,28,15.6,15.1,14.799999999999999,0.0,,3,False,False,"Our rates are transparent. No hidden fees or minimum usage penalties. TDU delivery charges are built into the rates at no markup, so there’s no guessing about what you pay.",https://shopping.trieagleenergy.com/PDFGenerator?formType=EnergyFactsLabel&comProdId=CPXTESMSAVC28AA&tdsp=CENTERP&lang=en&custClass=Residential,https://www.trieagleenergy.com/PTC
33348,TrueClassic 24,AP GAS & ELECTRIC (TX) LLC,CENTERPOINT,FIXED,24,15.0,14.499999999999998,14.299999999999999,0.0,250.0,6,False,False,Lock in a straight- forward fixed rate plan that gives you price security for the next 24 months. Flexible. Affordable. Energy. That's APG&E!,https://artemis-api.apge.com/api/v1/document?documentId=73&offerCode=SRBTX_CTP_NA_NA_RES_FPR_SD0_T24_NEW,https://www.apge.com/enroll#/offer?offerCode=SRBTX_CTP_NA_NA_RES_FPR_SD0_T24_NEW&deploymentName=TX%20State%20Rate%20Board
33362,TrueClassic 3,AP GAS & ELECTRIC (TX) LLC,CENTERPOINT,FIXED,3,12.2,11.700000000000001,11.5,0.0,150.0,6,False,False,Lock in a straightforward fixed rate plan that gives you price security for the next 3 months. Flexible. Affordable. Energy. That's APG&E!,https://artemis-api.apge.com/api/v1/document?documentId=73&offerCode=SRBTX_CTP_NA_NA_RES_FPR_SD0_T3_NEW,https://www.apge.com/enroll#/offer?offerCode=SRBTX_CTP_NA_NA_RES_FPR_SD0_T3_NEW&deploymentName=TX%20State%20Rate%20Board
33464,TrueClassic 36,AP GAS & ELECTRIC (TX) LLC,CENTERPOINT,FIXED,36,15.299999999999999,14.799999999999999,14.6,0.0,350.0,6,False,False,Lock in a straightforward fixed rate plan that gives you price security for the next 36 months. Flexible. Affordable. Energy. That's APG&E!,https://artemis-api.apge.com/api/v1/document?documentId=73&offerCode=SRBTX_CTP_NA_NA_RES_FPR_SD0_T36_NEW,https://www.apge.com/enroll#/offer?offerCode=SRBTX_CTP_NA_NA_RES_FPR_SD0_T36_NEW&deploymentName=TX%20State%20Rate%20Board
33492,36 Month A/C Protect Plus for 2 Units,CONSTELLATION NEWENERGY INC,CENTERPOINT,FIXED,36,21.5,17.5,18.3,0.0,150.0,26,False,False,,https://www.constellation.com/bin/residential/GetContractVersionPDF?versionNum=4896331,https://www.constellation.com/content/constellation/en/campaigns/powertochoose.html?UTM_source=powertochoose.org&UTM_medium=referral
33608,Basics PTC - 24,JUST ENERGY,CENTERPOINT,FIXED,24,17.0,16.5,16.2,0.0,175.0,31,False,False,"Ask for our PTC rates. Lock in your energy rate with no Base Charges, no Minimum Use fees or Payment fees! Transmission and distribution charges passed through at cost. Please refer to the Electricity Facts Label for additional details. Call our Customer Hotline at (866) 327-0821 to sign up today!",https://webs.justenergydeals.com/Generate_Docs/Generate_EflLinks.aspx?RID=JZ3Oa7vI/o8=&RCID=gNASPlhlupI=&L=6f+Ch9flI7k=,https://justenergy.com/affiliatepartner/ptc/?utm_source=powertochoose&utm_medium=referral&utm_campaign=LT
33633,TrueClassic 6,AP GAS & ELECTRIC (TX) LLC,CENTERPOINT,FIXED,6,13.0,12.5,12.3,0.0,150.0,6,False,False,Lock in a fixed rate plan that gives you price security for the next 6 months. Flexible. Affordable. Energy. That's APG&E!,https://artemis-api.apge.com/api/v1/document?documentId=73&offerCode=SRBTX_CTP_NA_NA_RES_FPR_SD0_T6_NEW,https://www.apge.com/enroll#/offer?offerCode=SRBTX_CTP_NA_NA_RES_FPR_SD0_T6_NEW&deploymentName=TX%20State%20Rate%20Board
33736,Value Edge 12,TXU ENERGY,CENTERPOINT,FIXED,12,21.0,14.499999999999998,19.3,0.0,150.0,3,False,False,"El precio real promedio por kWh para el servicio de electricidad dependerá de su consumo. La única circunstancia en la que el precio podría cambiar durante el plazo mínimo de 12 meses sería para reflejar cambios reales en las leyes o cargos reglamentarios, como se describen en la EFL.",https://residential.txu.com/Handlers/PDFGenerator.ashx?comProdId=CPX50VALED12AF&lang=es&formType=EnergyFactsLabel&custClass=3&tdsp=CENTERP,https://www.txu.com/ptc/valueedge12
33737,Simple Value 12,TXU ENERGY,CENTERPOINT,FIXED,12,18.2,16.7,15.9,0.0,150.0,3,False,False,"El precio real promedio por kWh para el servicio de electricidad dependerá de su consumo. La única circunstancia en la que el precio podría cambiar durante el plazo mínimo de 12 meses sería para reflejar cambios reales en las leyes o cargos reglamentarios, como se describen en la EFL.",https://residential.txu.com/Handlers/PDFGenerator.ashx?comProdId=CPXSIMVL1212BW&lang=es&formType=EnergyFactsLabel&custClass=3&tdsp=CENTERP,https://www.txu.com/ptc/simplevalue12
33813,Essential Infusion 3,INFUSE ENERGY,CENTERPOINT,FIXED,3,11.899999999999999,11.200000000000001,10.9,0.0,100.0,26,False,False,"Affordable, hassle-free energy from Infuse Energy, the company that has your back. Offer only available for new Infuse Energy customers. This plan is not eligible to be used in conjunction with any referral or promotional codes.",https://88fd201f32c53c2bd0fb-11ba98ed637230a2314ec7c228a44bda.ssl.cf5.rackcdn.com/202601/EFL-20260107-144900-CENTERPT-Essential Infusion 3 (English).pdf,https://www.infuseenergy.com/signup/signup-step1/?id=1623015&promotion=NONE&valid=N&referral=&landingpage=ptc
33853,Essential Infusion 6,INFUSE ENERGY,CENTERPOINT,FIXED,6,12.9,12.2,11.899999999999999,0.0,150.0,26,False,False,"Affordable, hassle-free energy from Infuse Energy, the company that has your back. Offer only available for new Infuse Energy customers. This plan is not eligible to be used in conjunction with any referral or promotional codes.",https://88fd201f32c53c2bd0fb-11ba98ed637230a2314ec7c228a44bda.ssl.cf5.rackcdn.com/202601/EFL-20260107-144900-CENTERPT-Essential Infusion 6 (English).pdf,https://www.infuseenergy.com/signup/signup-step1/?id=1623020&promotion=NONE&valid=N&referral=&landingpage=ptc
33933,Essential Infusion 12,INFUSE ENERGY,CENTERPOINT,FIXED,12,15.0,14.299999999999999,13.900000000000002,0.0,200.0,26,False,False,"Affordable, hassle-free energy from Infuse Energy, the company that has your back. Offer only available for new Infuse Energy customers. This plan is not eligible to be used in conjunction with any referral or promotional codes.",https://88fd201f32c53c2bd0fb-11ba98ed637230a2314ec7c228a44bda.ssl.cf5.rackcdn.com/202601/EFL-20260107-144900-CENTERPT-Essential Infusion 12 (English).pdf,https://www.infuseenergy.com/signup/signup-step1/?id=1622990&promotion=NONE&valid=N&referral=&landingpage=ptc
34107,Essential Infusion 36,INFUSE ENERGY,CENTERPOINT,FIXED,36,15.2,14.499999999999998,14.099999999999998,0.0,375.0,26,False,False,"Affordable, hassle-free energy from Infuse Energy, the company that has your back. Offer only available for new Infuse Energy customers. This plan is not eligible to be used in conjunction with any referral or promotional codes.",https://88fd201f32c53c2bd0fb-11ba98ed637230a2314ec7c228a44bda.ssl.cf5.rackcdn.com/202601/EFL-20260107-144900-CENTERPT-Essential Infusion 36 (English).pdf,https://www.infuseenergy.com/signup/signup-step1/?id=1623010&promotion=NONE&valid=N&referral=&landingpage=ptc
34303,Essential Infusion 24,INFUSE ENERGY,CENTERPOINT,FIXED,24,15.1,14.399999999999999,14.099999999999998,0.0,300.0,26,False,False,"Affordable, hassle-free energy from Infuse Energy, the company that has your back. Offer only available for new Infuse Energy customers. This plan is not eligible to be used in conjunction with any referral or promotional codes.",https://88fd201f32c53c2bd0fb-11ba98ed637230a2314ec7c228a44bda.ssl.cf5.rackcdn.com/202601/EFL-20260107-144900-CENTERPT-Essential Infusion 24 (Spanish).pdf,https://www.infuseenergy.com/signup/signup-step1/?id=1623005&promotion=NONE&valid=N&referral=&landingpage=ptc
34369,No Gimmicks 12,Budget Power,CENTERPOINT,FIXED,12,14.099999999999998,13.600000000000001,13.4,0.0,100.0,35,False,False,Promo Code PTC,https://signup.budgetpowertx.com/Home/EFL?productId=33597&Promo=,https://signup.budgetpowertx.com/Home/index?ProductCode=RN12000543&Promo=PTC
34387,No Gimmicks 24,Budget Power,CENTERPOINT,FIXED,24,14.6,14.099999999999998,13.900000000000002,0.0,175.0,35,False,False,Promo Code PTC,https://signup.budgetpowertx.com/Home/EFL?productId=33619&Promo=,https://signup.budgetpowertx.com/Home/index?ProductCode=RN24000569&Promo=PTC
34388,No Gimmicks 36,Budget Power,CENTERPOINT,FIXED,36,14.7,14.2,14.000000000000002,0.0,250.0,35,False,False,Promo Code PTC,https://signup.budgetpowertx.com/Home/EFL?productId=33620&Promo=,https://signup.budgetpowertx.com/Home/index?ProductCode=RN36000486&Promo=PTC
34389,No Gimmicks 18,Budget Power,CENTERPOINT,FIXED,18,13.700000000000001,13.200000000000001,13.0,0.0,125.0,35,False,False,,https://signup.budgetpowertx.com/Home/EFL?productId=33618&Promo=,https://signup.budgetpowertx.com/Home/index?ProductCode=RN18000001&Promo=PTC
34444,Think Simple 5,Think Energy,CENTERPOINT,FIXED,5,14.399999999999999,13.4,12.9,0.0,200.0,25,False,False,New Customers Only.,https://api.thinkenergy.onproton.io/enrollment/get_latest_document?lang=en&product_code=tx.thinksimple.noap.fixed&tdsp_id=5&doc_type=EFL&term=5&promo_code=default,https://www.thinkenergy.com/?utm_source=rateboard&utm_medium=referral&utm_campaign=texas
34473,Think Clean 12,Think Energy,CENTERPOINT,FIXED,12,16.6,15.6,15.1,0.0,200.0,100,False,False,New Customers Only,https://docs.cloud.thinkenergy.com/EFL/?term=12&duns=957877905&product=tx.thinkclean.noap.fixed&lang=en,https://www.thinkenergy.com/?utm_source=rateboard&utm_medium=referral&utm_campaign=texas
34489,Think Clean 36,Think Energy,CENTERPOINT,FIXED,36,17.299999999999997,16.400000000000002,15.9,0.0,200.0,100,False,False,New Customers Only. Autopay is Required.,https://docs.cloud.thinkenergy.com/EFL/?term=36&duns=957877905&product=tx.thinkclean.ap.fixed&lang=en,https://www.thinkenergy.com/?utm_source=rateboard&utm_medium=referral&utm_campaign=texas
34634,Smart Secure 36,AE TEXAS,CENTERPOINT,FIXED,36,15.8,15.299999999999999,15.0,0.0,,35,False,False,"Experience peace of mind with our Smarter Secure plan, offering a fixed energy rate and transparent TDU charges passed through with NO MARKUP. No hidden fees, minimum usage, or gimmicks.",https://enroll.aetexasco.com/EmailHTML/efl.aspx?RateID=1939&BrandID=1&PromoCodeID=114,https://enroll.aetexasco.com/Enrollment/Default.aspx?&promoCode=AETXPTC1
34539,Confident Renter 12,Abundance Energy,CENTERPOINT,FIXED,12,14.799999999999999,14.299999999999999,14.000000000000002,0.0,150.0,25,False,False,Go to Abundance Energy website to see all plans and term lengths.,https://api.quextenergy.onproton.io/enrollment/document?template_bucket=abundance-product-templates&template_file=tx/ConfidentRenter_EFL.docx&rate_id=9881,https://join.abundanceenergy.com/?promoCode=PTC
34684,Daisy 13,BKV Energy,CENTERPOINT,FIXED,13,14.899999999999999,14.399999999999999,14.2,0.0,,29,False,False,"Voted #1 Electricity Provider in Houston 2025! Simple and affordable fixed-rate electricity with no hidden fees like base charges, usage fees, setup fees, or bundle fees. Plus, no gimmicks or confusing fine print. This plan is for new customers only who enroll through the Power To Choose website. Sign up today!",https://enroll.bkvenergy.com/Home/EFL?productCode=RN00013530&term=13,https://enroll.bkvenergy.com/?promo=PTCALL0001
34702,Think Clean 12 with Smart Thermostat Connected,Think Energy,CENTERPOINT,FIXED,12,14.6,14.6,14.6,0.0,200.0,100,False,False,"Connected Thermostat Required, see EFL and Terms of Service for Details",https://docs.cloud.thinkenergy.com/EFL/?term=12&duns=957877905&product=tx.thinkclean.noap.fixed.thermostat&lang=en,https://www.thinkenergy.com/?utm_source=rateboard&utm_medium=referral&utm_campaign=texas
34725,Bright Nights 12,CHARIOT ENERGY,CENTERPOINT,FIXED,12,15.0,13.5,12.8,0.0,,100,False,True,"Sign-up today and receive regret-free 100% clean renewable energy at prices competitive to traditional power. We’re committed to providing our customers transparency, simplicity and clean energy backed by world class customer experience.• This product requires Autopay & E-bill set up.",https://signup.chariotenergy.com//Home/EFl?productId=41646,https://signup.chariotenergy.com//Home/index?ProductCode=RNR12002708&Promo=GqAtunAVIGY=
34735,Bright Nights 24,CHARIOT ENERGY,CENTERPOINT,FIXED,24,15.4,13.900000000000002,13.200000000000001,0.0,,100,False,True,"Sign-up today and receive regret-free 100% clean renewable energy at prices competitive to traditional power. We’re committed to providing our customers transparency, simplicity and clean energy backed by world class customer experience.• This product requires Autopay & E-bill set up.",https://signup.chariotenergy.com//Home/EFl?productId=41666,https://signup.chariotenergy.com//Home/index?ProductCode=RNR24001668&Promo=GqAtunAVIGY=
34782,Daisy 18,BKV Energy,CENTERPOINT,FIXED,18,13.700000000000001,13.200000000000001,13.0,0.0,,29,False,False,"Voted #1 Electricity Provider in Houston 2025! Simple and affordable fixed-rate electricity with no hidden fees like base charges, usage fees, setup fees, or bundle fees. Plus, no gimmicks or confusing fine print. This plan is for new customers only who enroll through the Power To Choose website. Sign up today!",https://enroll.bkvenergy.com/Home/EFL?productCode=RN00027073&promo=&term=18,https://enroll.bkvenergy.com/?promo=PTCALL0001
34749,Bright Nights 36,CHARIOT ENERGY,CENTERPOINT,FIXED,36,15.6,14.099999999999998,13.4,0.0,,100,False,True,"Sign-up today and receive regret-free 100% clean renewable energy at prices competitive to traditional power. We’re committed to providing our customers transparency, simplicity and clean energy backed by world class customer experience..• This product requires Autopay & E-bill set up.",https://signup.chariotenergy.com//Home/EFl?productId=41667,https://signup.chariotenergy.com//Home/index?ProductCode=RNR36002717&Promo=GqAtunAVIGY=
34853,Discount Nights 24,Discount Power,CENTERPOINT,FIXED,24,17.299999999999997,16.8,16.5,0.0,295.0,24,False,True,"Electronic Billing and auto payment via bank draft, credit card, or debit card available. This offer is for new customers only. Enroll through Power to Choose or by using special promo code; Promo Code Required: WQ4131.",https://www.discountpowertx.com/defl/M1F00173272712A.pdf,https://shop.discountpowertx.com/offer-selection/?txtPromocode=WQ4131&tdspCode=D0001&fromLP=ptc&sid=APTC_1686090020&utm_campaign=Power+To+Choose+Listings&utm_medium=PTC_&utm_source=None
34922,No Bull 36,Energy Texas,CENTERPOINT,FIXED,36,15.299999999999999,15.299999999999999,15.4,0.0,,100,False,False,"Straightforward, no B.S. fixed-rate plans built by Texans, for Texans. | Call us at 1-888-512-0330 and sign up today!",https://api.energytexas.com/api/pricing/offers/latest-offers-efl/12889/?locale=en,https://www.energytexas.com/?rcid=power-to-choose&utm_source=powertochoose&utm_campaign=centerpoint&utm_medium=state-shopping&utm_term=NB36
34902,No Bull 12,Energy Texas,CENTERPOINT,FIXED,12,14.6,14.6,14.7,0.0,,100,False,False,"Straightforward, no B.S. fixed-rate plans built by Texans, for Texans. | Call us at 1-888-512-0330 and sign up today!",https://api.energytexas.com/api/pricing/offers/latest-offers-efl/12677/?locale=en,https://www.energytexas.com/?rcid=power-to-choose&utm_source=powertochoose&utm_campaign=centerpoint&utm_medium=state-shopping&utm_term=NB12
35004,Reliable Fixed 12,NEXTVOLT TEXAS LLC,CENTERPOINT,FIXED,12,15.1,14.6,14.399999999999999,0.0,149.0,6,False,False,,https://myaccountpage.nextvoltenergy.com/docs/efls/output/20251218_1_RF12-145_CENTERPOINT_HOUSTON_001.pdf,https://www.nextvoltenergy.com/texas/electricity-plans/?cid=PTC20251002065224&mtm_source=PTC&mtm_medium=Referral
35059,Digital Choice 12,RHYTHM,CENTERPOINT,FIXED,12,14.6,14.6,14.7,0.0,,100,False,False,"Secure a 100% renewable electricity plan. | Enjoy Fair-for-All Pricing, with No Hidden Fees! | Access local Texas customer care 7 days a week. | Save on your bill with Rhythm Rewards. | Call us at 1-877-649-0441 and sign up today!",https://api.gotrhythm.com/api/pricing/offers/latest-offers-efl/16243/?locale=en,https://gotrhythm.com/?rcid=power-to-choose&utm_source=powertochoose&utm_campaign=centerpoint&utm_medium=state-shopping&utm_term=DC12
35090,No Gimmicks Green 12,Budget Power,CENTERPOINT,FIXED,12,14.2,13.700000000000001,13.5,0.0,175.0,100,False,False,Promo Code PTC,https://signup.budgetpowertx.com/Home/EFL?productId=33598&Promo=,https://signup.budgetpowertx.com/Home/index?ProductCode=RN12000512&Promo=PTC
35158,OctopusFlex,Octopus Energy,CENTERPOINT,FIXED,12,16.1,15.6,15.299999999999999,0.0,150.0,100,False,True,"Octopus Flex is a 100% renewable time-of-use electricity plan that rewards you with lower rates for using energy during off-peak hours (10 PM–6 AM). You’ll save even more during spring and fall, when energy is cleaner and cheaper. Shift your usage, like running appliances or charging your EV at night, and enjoy big savings while supporting a greener grid.",https://octopusenergy.com/efl?id=373&service-provider=CENTERPOINT&load-zone=LZ_HOUSTON&lang=en,https://octopusenergy.com/affiliate/ptc
35124,Giddy Up 18,IRONHORSE POWER SERVICES LLC,CENTERPOINT,FIXED,18,15.299999999999999,14.799999999999999,14.6,0.0,250.0,6,False,False,,https://ironhorse-storage.s3.us-west-2.amazonaws.com/public/efl/CTP-18-PC-0-100250.pdf,https://signup.ironhorsepowerservices.com/ironhorse-ptc/CTP-18-PC-0-100250
35125,Giddy Up 24,IRONHORSE POWER SERVICES LLC,CENTERPOINT,FIXED,24,16.0,15.5,15.299999999999999,0.0,250.0,6,False,False,,https://ironhorse-storage.s3.us-west-2.amazonaws.com/public/efl/CTP-24-PC-0-100250.pdf,https://signup.ironhorsepowerservices.com/ironhorse-ptc/CTP-24-PC-0-100250
35126,Giddy Up 36,IRONHORSE POWER SERVICES LLC,CENTERPOINT,FIXED,36,16.400000000000002,15.9,15.7,0.0,250.0,6,False,False,,https://ironhorse-storage.s3.us-west-2.amazonaws.com/public/efl/CTP-36-PC-0-100250.pdf,https://signup.ironhorsepowerservices.com/ironhorse-ptc/CTP-36-PC-0-100250
35185,SFE RewardsPlus - 12,SFE ENERGY TEXAS INC,CENTERPOINT,FIXED,12,16.900000000000002,15.8,15.2,0.0,175.0,35,False,False,"Enjoy peace of mind and predictable pricing with the SFE RewardsPlus Plan - a simple, stable electricity plan designed with you in mind. Each month, you’ll receive $50 in reward dollars to spend on local deals, dining, entertainment, online shopping, gift cards, and more*. Plus, after 60 days of continuous service, you can call us and request your 4 free LED bulbs*. It’s a plan that rewards you every step of the way. *Reward dollars and LED bulb offers are subject to terms and conditions.",https://empowerdocs.blob.core.windows.net/efldocuments/_2516352792954796738_EFL_SFE%20Residential%20Fixed%20CNP%2012English.pdf,https://www.sfeenergy.com/texas/
35186,SFE RewardsPlus - 24,SFE ENERGY TEXAS INC,CENTERPOINT,FIXED,24,17.0,15.9,15.299999999999999,0.0,175.0,35,False,False,"Enjoy peace of mind and predictable pricing with the SFE RewardsPlus Plan - a simple, stable electricity plan designed with you in mind. Each month, you’ll receive $50 in reward dollars to spend on local deals, dining, entertainment, online shopping, gift cards, and more*. Plus, after 60 days of continuous service, you can call us and request your 4 free LED bulbs*. It’s a plan that rewards you every step of the way. *Reward dollars and LED bulb offers are subject to terms and conditions.",https://empowerdocs.blob.core.windows.net/efldocuments/_2516352792990417074_EFL_SFE%20Residential%20Fixed%20CNP%2024English.pdf,https://www.sfeenergy.com/texas/
35187,SFE RewardsPlus - 36,SFE ENERGY TEXAS INC,CENTERPOINT,FIXED,36,17.0,15.9,15.299999999999999,0.0,175.0,35,False,False,"Enjoy peace of mind and predictable pricing with the SFE RewardsPlus Plan - a simple, stable electricity plan designed with you in mind. Each month, you’ll receive $50 in reward dollars to spend on local deals, dining, entertainment, online shopping, gift cards, and more*. Plus, after 60 days of continuous service, you can call us and request your 4 free LED bulbs*. It’s a plan that rewards you every step of the way. *Reward dollars and LED bulb offers are subject to terms and conditions.",https://empowerdocs.blob.core.windows.net/efldocuments/_2516352793022970458_EFL_SFE%20Residential%20Fixed%20CNP%2036English.pdf,https://www.sfeenergy.com/texas/
35512,Stability Fixed 24,NEXTVOLT TEXAS LLC,CENTERPOINT,FIXED,24,15.6,15.1,14.799999999999999,0.0,149.0,6,False,False,,https://myaccountpage.nextvoltenergy.com/docs/efls/output/20251218_1_SF24-1_CENTERPOINT_HOUSTON_001.pdf,https://www.nextvoltenergy.com/texas/electricity-plans/?cid=PTC20251002065224&mtm_source=PTC&mtm_medium=Referral
35308,Clean Energy 12,Abundance Energy,CENTERPOINT,FIXED,12,15.9,14.899999999999999,14.399999999999999,0.0,150.0,100,False,False,Go to Abundance Energy website to see all plans and term lengths.,https://api.quextenergy.onproton.io/enrollment/document?template_bucket=abundance-product-templates&template_file=tx/CleanEnergy_EFL.docx&rate_id=9875,https://join.abundanceenergy.com/?promoCode=PTC
35540,Bright Nights 4,CHARIOT ENERGY,CENTERPOINT,FIXED,4,12.7,11.200000000000001,10.5,0.0,,100,False,True,"Sign-up today and receive regret-free 100% clean renewable energy at prices competitive to traditional power. We’re committed to providing our customers transparency, simplicity and clean energy backed by world class customer experience.• This product requires Autopay & E-bill set up.",https://signup.chariotenergy.com//Home/EFl?productId=41643,https://signup.chariotenergy.com//Home/index?ProductCode=RNR04000050&Promo=GqAtunAVIGY=
35514,True Fixed 36,NEXTVOLT TEXAS LLC,CENTERPOINT,FIXED,36,15.8,15.299999999999999,15.0,0.0,149.0,6,False,False,,https://myaccountpage.nextvoltenergy.com/docs/efls/output/20251218_1_TF36-223_CENTERPOINT_HOUSTON_001.pdf,https://www.nextvoltenergy.com/texas/electricity-plans/?cid=PTC20251002065224&mtm_source=PTC&mtm_medium=Referral
35524,Straight Forward 6,Abundance Energy,CENTERPOINT,FIXED,6,13.8,12.8,12.3,0.0,150.0,25,False,False,Go to Abundance Energy website to see all plans and term lengths.,https://api.quextenergy.onproton.io/enrollment/document?template_bucket=abundance-product-templates&template_file=tx/Straightforward_EFL.docx&rate_id=10034,https://join.abundanceenergy.com/?promoCode=PTC
35571,No Bull 4,Energy Texas,CENTERPOINT,FIXED,4,11.3,11.3,11.3,0.0,,100,False,False,"Straightforward, no B.S. fixed-rate plans built by Texans, for Texans. | Call us at 1-888-512-0330 and sign up today!",https://api.energytexas.com/api/pricing/offers/latest-offers-efl/19548/?locale=en,https://www.energytexas.com/?rcid=power-to-choose&utm_source=powertochoose&utm_campaign=centerpoint&utm_medium=state-shopping&utm_term=NB4
35575,No Bull 8,Energy Texas,CENTERPOINT,FIXED,8,15.299999999999999,15.299999999999999,15.4,0.0,,100,False,False,"Straightforward, no B.S. fixed-rate plans built by Texans, for Texans. | Call us at 1-888-512-0330 and sign up today!",https://api.energytexas.com/api/pricing/offers/latest-offers-efl/18463/?locale=en,https://www.energytexas.com/?rcid=power-to-choose&utm_source=powertochoose&utm_campaign=centerpoint&utm_medium=state-shopping&utm_term=NB8
35581,Digital Choice 4,RHYTHM,CENTERPOINT,FIXED,4,11.3,11.3,11.3,0.0,,100,False,False,"Secure a 100% renewable electricity plan. | Enjoy Fair-for-All Pricing, with No Hidden Fees! | Access local Texas customer care 7 days a week. | Save on your bill with Rhythm Rewards. | Call us at 1-877-649-0441 and sign up today!",https://api.gotrhythm.com/api/pricing/offers/latest-offers-efl/19546/?locale=en,https://gotrhythm.com/?rcid=power-to-choose&utm_source=powertochoose&utm_campaign=centerpoint&utm_medium=state-shopping&utm_term=DC4
35585,Digital Choice 8,RHYTHM,CENTERPOINT,FIXED,8,15.299999999999999,15.299999999999999,15.4,0.0,,100,False,False,"Secure a 100% renewable electricity plan. | Enjoy Fair-for-All Pricing, with No Hidden Fees! | Access local Texas customer care 7 days a week. | Save on your bill with Rhythm Rewards. | Call us at 1-877-649-0441 and sign up today!",https://api.gotrhythm.com/api/pricing/offers/latest-offers-efl/18473/?locale=en,https://gotrhythm.com/?rcid=power-to-choose&utm_source=powertochoose&utm_campaign=centerpoint&utm_medium=state-shopping&utm_term=DC8
35614,Daisy 4,BKV Energy,CENTERPOINT,FIXED,4,12.6,12.1,11.899999999999999,0.0,,29,False,False,"Voted #1 Electricity Provider in Houston 2025! Simple and affordable fixed-rate electricity with no hidden fees like base charges, usage fees, setup fees, or bundle fees. Plus, no gimmicks or confusing fine print. This plan is for new customers only who enroll through the Power To Choose website. Sign up today!",https://enroll.bkvenergy.com/Home/EFL?productCode=RN00085567&promo=&term=4,https://enroll.bkvenergy.com/?promo=PTCALL0001
35654,Smart Secure 6,AE TEXAS,CENTERPOINT,FIXED,6,13.4,12.9,12.6,0.0,,35,False,False,"Experience peace of mind with our Smarter Secure plan, offering a fixed energy rate and transparent TDU charges passed through with NO MARKUP. No hidden fees, minimum usage, or gimmicks.",https://enroll.aetexasco.com/EmailHTML/efl.aspx?RateID=1913&BrandID=1&PromoCodeID=114,https://enroll.aetexasco.com/Enrollment/Default.aspx?&promoCode=AETXPTC1
35639,Bright Start 4 - $25 credit on your first bill!,HERITAGE POWER LLC,CENTERPOINT,FIXED,4,13.5,13.0,12.8,0.0,75.0,25,False,False,*Sign up today & get $25 on your first bill!*Autopay & E-billing Required,https://signup.heritagepower.com/Home/EFl?productId=6169,https://signup.heritagepower.com/Home/index?ProductCode=RN04000002&Promo=PTC
35563,Daisy 6,BKV Energy,CENTERPOINT,FIXED,6,13.200000000000001,12.7,12.4,0.0,,29,False,False,"Voted #1 Electricity Provider in Houston 2025! Simple and affordable fixed-rate electricity with no hidden fees like base charges, usage fees, setup fees, or bundle fees. Plus, no gimmicks or confusing fine print. This plan is for new customers only who enroll through the Power To Choose website. Sign up today!",https://enroll.bkvenergy.com/Home/EFL?productCode=RN00085557&promo=&term=6,https://enroll.bkvenergy.com/?promo=PTCALL0001
35662,Bright Nights 18,CHARIOT ENERGY,CENTERPOINT,FIXED,18,14.899999999999999,13.4,12.7,0.0,,100,False,True,"Sign-up today and receive regret-free 100% clean renewable energy at prices competitive to traditional power. We’re committed to providing our customers transparency, simplicity and clean energy backed by world class customer experience.• This product requires Autopay & E-bill set up.",https://signup.chariotenergy.com//Home/EFl?productId=41633,https://signup.chariotenergy.com//Home/index?ProductCode=RRT18001316&Promo=GqAtunAVIGY=
35625,Straight Forward 3,Abundance Energy,CENTERPOINT,FIXED,3,13.3,12.3,11.799999999999999,0.0,150.0,25,False,False,Go to Abundance Energy website to see all plans and term lengths.,https://api.quextenergy.onproton.io/enrollment/document?template_bucket=abundance-product-templates&template_file=tx/Straightforward_EFL.docx&rate_id=10058,https://join.abundanceenergy.com/?promoCode=PTC
35689,Octopus Lite 12,Octopus Energy,CENTERPOINT,FIXED,12,20.3,7.3999999999999995,13.4,0.0,150.0,100,False,False,"A simple 12-month fixed-rate plan designed for lighter energy users. Use 1,000 kWh or more in a billing cycle and you’ll automatically get a $100 usage credit toward your bill. No base charges, 100% renewable power, and transparent pricing. Early termination fee applies.",https://octopusenergy.com/efl?id=406&service-provider=centerpoint&load-zone=LZ_HOUSTON&lang=en,https://octopusenergy.com/affiliate/ptc
35677,Octo Green 10,Octopus Energy,CENTERPOINT,FIXED,10,16.0,15.5,15.299999999999999,0.0,150.0,100,False,False,Unlock our 10-month fixed-rate plan with 100% renewable electricity. Enjoy price stability and a shorter commitment.,https://octopusenergy.com/efl?id=439&service-provider=CENTERPOINT&load-zone=LZ_HOUSTON&lang=en,https://octopusenergy.com/affiliate/ptc
35724,Octo Simple 6,Octopus Energy LLC,CENTERPOINT,FIXED,6,14.2,13.700000000000001,13.4,0.0,150.0,100,False,False,"Lock in a simple, steady electricity rate for six months. With this short-term fixed plan, you get protection from price swings and no hidden fees or surprises on your bill. 100% renewable energy included, backed by Octopus Energy’s award-winning customer service.",https://octopusenergy.com/efl?id=505&service-provider=CENTERPOINT&load-zone=LZ_HOUSTON&lang=en,https://octopusenergy.com/affiliate/ptc
35736,Octo Simple 8,Octopus Energy LLC,CENTERPOINT,FIXED,8,15.1,14.6,14.399999999999999,0.0,150.0,100,False,False,Lock in a fixed electricity rate for 8 months with 100% renewable power. Enjoy stability through the seasons with no hidden fees or surprises on your bill — backed by Octopus Energy’s award-winning customer service.,https://octopusenergy.com/efl?id=473&service-provider=CENTERPOINT&load-zone=LZ_HOUSTON&lang=en,https://octopusenergy.com/affiliate/ptc
35818,Digital Choice 36,RHYTHM,CENTERPOINT,FIXED,36,15.299999999999999,15.299999999999999,15.4,0.0,,100,False,False,"Secure a 100% renewable electricity plan. | Enjoy Fair-for-All Pricing, with No Hidden Fees! | Access local Texas customer care 7 days a week. | Save on your bill with Rhythm Rewards. | Call us at 1-877-649-0441 and sign up today!",https://api.energytexas.com/api/pricing/offers/latest-offers-efl/18909/?locale=en,https://gotrhythm.com/?rcid=power-to-choose&utm_source=powertochoose&utm_campaign=centerpoint&utm_medium=state-shopping&utm_term=DC36
35777,Companion + Perks 12,Companion Energy,CENTERPOINT,FIXED,12,14.2,13.700000000000001,13.5,0.0,150.0,30,False,False,"FREE Pet Benefits! | Companion Energy customers get 24/7 Airvet virtual vet service (a $420/year value) and 25% off in-person vet visits at participating in-network vet clinics, FREE with every Companion Energy electricity plan. | This offer is for new customers only who enroll through the Power to Choose website.",https://eflviewer.companionenergy.com/eflviewer.aspx?lang=EN&prodcode=CEPERK12&tdspcode=CNP,https://newenroll.companionenergy.com/?refid=PTCPERKS12&ul=1000&tdsp=CNP&utm_source=power_to_choose&utm_medium=referral&utm_campaign=PTC-PTCPERKS12&utm_content=CNP&utm_term=additional_info
35799,Free Nights 6,CleanSky Energy,CENTERPOINT,FIXED,6,15.0,14.499999999999998,14.299999999999999,0.0,100.0,100,False,True,This plan is for new customers only. Autopay is required. Please enroll through the PowertoChoose sign up link. Have a question about a plan or need help placing an order? Call us: 1-888-733-5557 | Email us: CustomerCare@CleanSkyEnergy.com,https://rates.titangasandpower.com/Frontend/DownloadDoc?path=b581ef76-b4a1-4374-9c74-d6cc57c10b85.html&id_plan=550599,https://signup.cleanskyenergy.com/rates?utility_id=112&promocode=PTCHOOSETX
35859,Octo Simple 18,Octopus Energy,CENTERPOINT,FIXED,18,14.099999999999998,13.600000000000001,13.4,0.0,200.0,100,False,False,"Lock in a fixed electricity rate for 18 months with 100% renewable power. Enjoy long-term stability and protection from market ups and downs — with no hidden fees, no surprises, and the friendly, award-winning customer service Octopus Energy is known for.",http://octopusenergy.com/efl?id=538&service-provider=CENTERPOINT&load-zone=LZ_HOUSTON&lang=en,https://octopusenergy.com/affiliate/ptc
35842,HOMERUN 6,VARSITY ENERGY LLC,CENTERPOINT,FIXED,6,12.3,11.799999999999999,11.5,0.0,150.0,31,False,False,For this product you will receive all communications via email / Please email bench@varsityenergy.com for all customer inquiries / You may set up Autopay through your online account or by contacting customer service / TDSP pass-through delivery charges are subject to change at the Utilities discretion and are out of our control.,https://signup.varsityenergy.com/Home/EFl?productId=32898&ver=english,https://signup.varsityenergy.com/Home/index?ProductCode=RN06000042&Promo=PTC
35884,Frontier Power Saver Plus 12,FRONTIER UTILITIES,CENTERPOINT,FIXED,12,14.799999999999999,13.8,13.3,0.0,150.0,30,False,False,This offer is for new customers only who enroll through the Power to Choose website.,https://eflviewer.frontierutilities.com/eflviewer.aspx?lang=EN&prodcode=FPOWSVRPLS12&tdspcode=CNP,https://newenroll.frontierutilities.com/?refid=PTCFPSPLS12&ul=1000&tdsp=CNP
35897,Frontier Power Saver Plus 6,FRONTIER UTILITIES,CENTERPOINT,FIXED,6,12.5,11.5,11.0,0.0,150.0,30,False,False,This offer is for new customers only who enroll through the Power to Choose website.,https://eflviewer.frontierutilities.com/eflviewer.aspx?lang=EN&prodcode=FPOWSVRPLS6&tdspcode=CNP,https://newenroll.frontierutilities.com/?refid=PTCFPSPLS06&ul=1000&tdsp=CNP
35920,Gexa Eco Choice 6,GEXA ENERGY,CENTERPOINT,FIXED,6,12.1,11.600000000000001,11.4,0.0,150.0,100,False,False,Lock in a great fixed rate plan. |Free online bill pay and automatic billing options are also available. |This offer is for customers who enroll through the Power to Choose website.,https://eflviewer.gexaenergy.com/eflviewer.aspx?lang=EN&prodcode=GXAECOCHI6&tdspcode=CNP,https://newenroll.gexaenergy.com/?refid=PTC_EcoChoice06&ul=1000&tdsp=CNP
35944,Companion + Perks 6,Companion Energy,CENTERPOINT,FIXED,6,11.899999999999999,11.4,11.200000000000001,0.0,150.0,30,False,False,"FREE Pet Benefits! | Companion Energy customers get 24/7 Airvet virtual vet service (a $420/year value) and 25% off in-person vet visits at participating in-network vet clinics, FREE with every Companion Energy electricity plan. | This offer is for new customers only who enroll through the Power to Choose website.",https://eflviewer.companionenergy.com/eflviewer.aspx?lang=EN&prodcode=CEPERK6&tdspcode=CNP,https://newenroll.companionenergy.com/?refid=PTCPERKS06&ul=1000&tdsp=CNP&utm_source=power_to_choose&utm_medium=referral&utm_campaign=PTC-PTCPERKS06&utm_content=CNP&utm_term=additional_info
35956,Choose 12,Texans Choice Power LLC,CENTERPOINT,FIXED,12,15.1,14.6,14.299999999999999,0.0,100.0,35,False,False,,https://signup.texanschoicepower.com/getdocument/?getproductpdf=1&productid=153806&type=EFL&title=153806_EFL&language=english,https://signup.texanschoicepower.com/?PromoCode=PTC
35969,Rhythm Saver 24,RHYTHM,CENTERPOINT,FIXED,24,21.8,11.799999999999999,16.8,0.0,,100,False,False,"Secure a 100% renewable electricity plan. | Enjoy Fair-for-All Pricing, with No Hidden Fees! | Access local Texas customer care 7 days a week. | Save on your bill with Rhythm Rewards. | Call us at 1-877-649-0441 and sign up today!",https://api.gotrhythm.com/api/pricing/offers/latest-offers-efl/19294/?locale=en,https://gotrhythm.com/?rcid=power-to-choose&utm_source=powertochoose&utm_campaign=centerpoint&utm_medium=state-shopping&utm_term=RS24
35972,The Lone Saver 24,Energy Texas,CENTERPOINT,FIXED,24,21.8,11.799999999999999,16.8,0.0,,100,False,False,"Straightforward, no B.S. fixed-rate plans built by Texans, for Texans. | Call us at 1-888-512-0330 and sign up today!",https://api.energytexas.com/api/pricing/offers/latest-offers-efl/19259/?locale=en,https://www.energytexas.com/?rcid=power-to-choose&utm_source=powertochoose&utm_campaign=centerpoint&utm_medium=state-shopping&utm_term=LS24
35975,Texas Instant 12,Texans Choice Power LLC,CENTERPOINT,FIXED,12,30.0,15.0,14.499999999999998,0.0,200.0,35,False,False,,https://signup.texanschoicepower.com/getdocument/?getproductpdf=1&productid=153825&type=EFL_TIEREDPRICING&title=153825_EFL_TIEREDPRICING&language=english,https://signup.texanschoicepower.com/?PromoCode=PTC
35986,Choose 6,Texans Choice Power LLC,CENTERPOINT,FIXED,6,13.4,12.9,12.6,0.0,100.0,35,False,False,,https://signup.texanschoicepower.com/getdocument/?getproductpdf=1&productid=153836&type=EFL&title=153836_EFL&language=english,https://signup.texanschoicepower.com/?PromoCode=PTC
36003,Think Simple With Smart Thermostat 5,Think Energy,CENTERPOINT,FIXED,5,12.4,12.4,12.4,0.0,200.0,25,False,False,"Connected Thermostat Required, see EFL and Terms of Service for Details",https://api.thinkenergy.onproton.io/enrollment/get_latest_document?lang=en&product_code=tx.thinksimple.noap.thermostat.fixed&tdsp_id=5&doc_type=EFL&term=5&promo_code=default,https://www.thinkenergy.com/
36011,Free Nights 12,Texans Choice Power LLC,CENTERPOINT,FIXED,12,17.09,16.6,16.36,0.0,100.0,35,False,True,,https://signup.texanschoicepower.com/getdocument/?getproductpdf=1&productid=153861&type=EFL_TIMEOFUSE&title=153861_EFL_TIMEOFUSE&language=english,https://signup.texanschoicepower.com/?PromoCode=PTC
13191,Champ Saver-16,CHAMPION ENERGY SERVICES LLC,LPL,FIXED,16,16.2,16.2,16.2,0.0,250.0,26,False,False,,https://docs.championenergyservices.com/ExternalDocs?planname=PN6171&state=TX&language=EN,http://www.championenergyservices.com/promo.asp?promo=POWERTOCHOOSE
16429,Lone Star Classic 12,AMBIT ENERGY,LPL,FIXED,12,19.6,18.6,18.099999999999998,0.0,199.0,3,False,False,A monthly E-Plan credit is available for this product by successfully enrolling in Ambit Energy’s Paperless Billing and Automatic Payment programs when you sign up for new service. See Electricity Facts Label for discount information and enrollment requirements.,https://shopping.ambitenergy.com/PDFGenerator?formType=EnergyFactsLabel&comProdId=LPAMLSCLSC12AA&tdsp=LUBBOCK&lang=en&custClass=Residential,http://www.ambitenergy.com
17285,Sustainable Living Bundle - 3,JUST ENERGY,LPL,FIXED,3,12.4,12.0,11.799999999999999,0.0,175.0,31,False,False,A one-month GoodBundle setup and carbon offset purchase of $49.99 is required to enroll. Transmission and distribution charges passed through at cost. Call (866) 327-0821 to enroll!,https://webs.justenergydeals.com/Generate_Docs/Generate_EflLinks.aspx?RID=ggQMSqEiKnw=&RCID=gNASPlhlupI=&L=6f+Ch9flI7k=,https://justenergy.com/affiliatepartner/ptcsl/?utm_source=powertochoose&utm_medium=referral&utm_campaign=ST
24626,Basics PTC - 36,AMIGO ENERGY,LPL,FIXED,36,17.9,17.9,17.9,0.0,175.0,31,False,False,"Ask for our PTC rates. Lock in your energy rate with no Base Charges, no Minimum Use fees or Payment fees! Transmission and distribution charges passed through at cost. Please refer to the Electricity Facts Label for additional details. Call our Customer Hotline at (866) 327-0839 to sign up today!",https://webs.amigoenergy.com/Generate_Docs/Generate_EflLinks.aspx?RID=S8UvhovVo/k=&RCID=rv5fvOkFHh4=&L=jfm4E/YMcQk=,https://amigoenergy.com/lp/ptc/?utm_source=powertochoose&utm_medium=referral&utm_campaign=LT
24341,Basics PTC - 36,TARA ENERGY,LPL,FIXED,36,17.9,17.9,17.9,0.0,175.0,31,False,False,"Ask for our PTC rates. Lock in your energy rate with no Base Charges, no Minimum Use fees or Payment fees! Transmission and distribution charges passed through at cost. Please refer to the Electricity Facts Label for additional details. Call our Customer Hotline at (866) 327-0880 to sign up today!",https://webs.taraenergy.com/Generate_Docs/Generate_EflLinks.aspx?RID=px8nNPR0SyU=&RCID=cacW2cvK/I0=&L=jfm4E/YMcQk=,https://taraenergy.com/ptc/?utm_source=powertochoose&utm_medium=referral&utm_campaign=LT
22780,Basics PTC - 60,AMIGO ENERGY,LPL,FIXED,60,17.9,17.9,17.9,0.0,175.0,31,False,False,"Ask for our PTC rates. Lock in your energy rate with no Base Charges, no Minimum Use fees or Payment fees! Transmission and distribution charges passed through at cost. Please refer to the Electricity Facts Label for additional details. Call our Customer Hotline at (866) 327-0839 to sign up today!",https://webs.amigoenergy.com/Generate_Docs/Generate_EflLinks.aspx?RID=m5Pl9EKkr2Q=&RCID=rv5fvOkFHh4=&L=jfm4E/YMcQk=,https://amigoenergy.com/lp/ptc/?utm_source=powertochoose&utm_medium=referral&utm_campaign=LT
22160,Sustainable Home Bundle - 3,TARA ENERGY,LPL,FIXED,3,12.4,12.0,11.799999999999999,0.0,175.0,31,False,False,A one-month GoodBundle setup and carbon offset purchase of $49.99 is required to enroll. Transmission and distribution charges passed through at cost. Call (866) 327-0880 to enroll!,https://webs.taraenergy.com/Generate_Docs/Generate_EflLinks.aspx?RID=oTy5Xge4DTw=&RCID=cacW2cvK/I0=&L=6f+Ch9flI7k=,https://taraenergy.com/ptcsl/?utm_source=powertochoose&utm_medium=referral&utm_campaign=ST
22765,Basics PTC - 60,TARA ENERGY,LPL,FIXED,60,17.9,17.9,17.9,0.0,175.0,31,False,False,"Ask for our PTC rates. Lock in your energy rate with no Base Charges, no Minimum Use fees or Payment fees! Transmission and distribution charges passed through at cost. Please refer to the Electricity Facts Label for additional details. Call our Customer Hotline at (866) 327-0880 to sign up today!",https://webs.taraenergy.com/Generate_Docs/Generate_EflLinks.aspx?RID=TDM6BY8yYXg=&RCID=cacW2cvK/I0=&L=6f+Ch9flI7k=,https://taraenergy.com/ptc/?utm_source=powertochoose&utm_medium=referral&utm_campaign=LT
22142,Sustainable Lifestyle - 3,AMIGO ENERGY,LPL,FIXED,3,12.4,12.0,11.799999999999999,0.0,175.0,31,False,False,A one-month GoodBundle setup and carbon offset purchase of $49.99 is required to enroll. Transmission and distribution charges passed through at cost. Call (866) 327-0839 to enroll!,https://webs.amigoenergy.com/Generate_Docs/Generate_EflLinks.aspx?RID=6/PVLHlu0G0=&RCID=rv5fvOkFHh4=&L=6f+Ch9flI7k=,https://amigoenergy.com/lp/ptcsl/?utm_source=powertochoose&utm_medium=referral&utm_campaign=ST
33717,Simple Value 12,TXU ENERGY,LPL,FIXED,12,20.0,19.0,18.5,0.0,150.0,3,False,False,Your actual average price per kWh for electricity service will depend on your usage as shown in the Electricity Facts Label (EFL). The only circumstance in which the price could change during the 12-month minimum term is to reflect actual changes in law or regulatory charges.,https://residential.txu.com/Handlers/PDFGenerator.ashx?comProdId=LPXSIMVL1212AR&lang=en&formType=EnergyFactsLabel&custClass=3&tdsp=LUBBOCK,https://www.txu.com/ptc/simplevalue12
33607,Basics PTC - 24,JUST ENERGY,LPL,FIXED,24,17.9,17.9,17.9,0.0,175.0,31,False,False,"Ask for our PTC rates. Lock in your energy rate with no Base Charges, no Minimum Use fees or Payment fees! Transmission and distribution charges passed through at cost. Please refer to the Electricity Facts Label for additional details. Call our Customer Hotline at (866) 327-0821 to sign up today!",https://webs.justenergydeals.com/Generate_Docs/Generate_EflLinks.aspx?RID=kJlJrIjrmJI=&RCID=gNASPlhlupI=&L=6f+Ch9flI7k=,https://justenergy.com/affiliatepartner/ptc/?utm_source=powertochoose&utm_medium=referral&utm_campaign=LT
33472,TrueClassic 3,AP GAS & ELECTRIC (TX) LLC,LPL,FIXED,3,12.7,12.7,12.7,0.0,150.0,6,False,False,Lock in a straightforward fixed rate plan that gives you price security for the next 3 months. Flexible. Affordable. Energy. That's APG&E!,https://artemis-api.apge.com/api/v1/document?documentId=73&offerCode=SRBTX_LPL_NA_NA_RES_FPR_SD0_T3_NEW,https://www.apge.com/enroll#/offer?offerCode=SRBTX_LPL_NA_NA_RES_FPR_SD0_T3_NEW&deploymentName=TX%20State%20Rate%20Board
33357,TrueClassic 36,AP GAS & ELECTRIC (TX) LLC,LPL,FIXED,36,15.7,15.7,15.7,0.0,350.0,6,False,False,Lock in a straightforward fixed rate plan that gives you price security for the next 36 months. Flexible. Affordable. Energy. That's APG&E!,https://artemis-api.apge.com/api/v1/document?documentId=73&offerCode=SRBTX_LPL_NA_NA_RES_FPR_SD0_T36_NEW,https://www.apge.com/enroll#/offer?offerCode=SRBTX_LPL_NA_NA_RES_FPR_SD0_T36_NEW&deploymentName=TX%20State%20Rate%20Board
33432,Saver 24,Discount Power,LPL,FIXED,24,19.3,19.3,19.3,0.0,295.0,24,False,False,,https://www.discountpowertx.com/defl/M1F00164229577A.pdf,https://shop.discountpowertx.com/offer-selection/?txtPromocode=WQ4131&tdspCode=D0011&fromLP=ptc&sid=APTC_1686090020&utm_campaign=Power+To+Choose+Listings&utm_medium=PTC_&utm_source=None
33434,Saver 36,Discount Power,LPL,FIXED,36,19.2,19.2,19.2,0.0,395.0,24,False,False,,https://www.discountpowertx.com/defl/M1F00164229721A.pdf,https://shop.discountpowertx.com/offer-selection/?txtPromocode=WQ4131&tdspCode=D0011&fromLP=ptc&sid=APTC_1686090020&utm_campaign=Power+To+Choose+Listings&utm_medium=PTC_&utm_source=None
33190,Pollution Free e-Plus 36 Choice,GREEN MOUNTAIN ENERGY COMPANY,LPL,FIXED,36,19.5,19.5,19.5,0.0,395.0,20,False,False,Sign up for 100% Pollution Free Electricity today! This plan requires you to enroll in Tree Free billing and Auto Pay at greenmountain.com/myaccount within thirty (30) days of your service start date. Additional terms and conditions apply. See order confirmation page for details.,https://signup.greenmountain.com/defl/G1F00175867792A.pdf,https://www.greenmountainenergy.com/gmec-lnd-tx-ptc/?sid=A3P_PTC_ERCOT_2015APR_PFe-PlusMTM
33090,Daisy 3,BKV Energy,LPL,FIXED,3,12.4,12.4,12.4,0.0,,29,False,False,"Voted #1 Electricity Provider in Lubbock 2025! Simple and affordable fixed-rate electricity with no hidden fees like base charges, usage fees, setup fees, or bundle fees. Plus, no gimmicks or confusing fine print. This plan is for new customers only who enroll through the Power To Choose website. Sign up today!",https://enroll.bkvenergy.com/Home/EFL?productCode=RN00002431&term=3,https://enroll.bkvenergy.com/?promo=PTCALL0001
33095,Daisy 3,BKV Energy,LPL,FIXED,0,12.4,12.4,12.4,0.0,,29,False,False,Esta oferta es exclusiva para nuevos clientes que se inscriban a través del sitio web Power to Choose.,https://enroll.bkvenergy.com/Home/EFL?productCode=RN00002431&term=3,https://enroll.bkvenergy.com/?promo=PTCALL0001
33239,SoFed Better Rate - 18,SOUTHERN FEDERAL POWER LLC,LPL,FIXED,18,15.299999999999999,14.799999999999999,14.6,0.0,249.0,6,False,False,,https://bit.ly/3NlhUOV,https://southernfederal.com
33329,Gexa Eco Choice Plus 6,GEXA ENERGY,LPL,FIXED,6,13.3,12.8,12.6,0.0,150.0,100,False,False,Lock in a great fixed rate plan. |Free online bill pay and automatic billing options are also available. |This offer is for customers who enroll through the Power to Choose website.,https://eflviewer.gexaenergy.com/eflviewer.aspx?lang=EN&prodcode=GXAECOCHIPLS6&tdspcode=LPL,https://newenroll.gexaenergy.com/?refid=PTC_LPL&ul=1000&tdsp=LPL
33177,Autopay Texas 36,DIRECT ENERGY,LPL,FIXED,36,18.9,18.9,18.9,0.0,295.0,24,False,False,"Lock in a fixed Texas energy rate for 12 months! Monthly base charge $4.95. For new customers only. If you stop Auto Pay at any time during your contract, you will be charged an AutoPay Breakage Fee of $5/month. If you cancel your plan early, you will be charged a $150 early termination fee. Terms and conditions apply.",https://documents.directenergy.com/dynamic/efl/D1F00175867772A.pdf,https://shop.directenergy.com/tx/product-chart-tabs?tdspCode=D0011&promo_code=WHPGCD&sid=APTC_1726591058&utm_campaign=PTC&utm_medium=PTC_&utm_source=PowerToChoose
33184,Reliant Power on 24 Plan,RELIANT,LPL,FIXED,24,18.8,18.8,18.8,0.0,295.0,24,False,False,This offer is for new customers only who enroll through Power to Choose.,https://www.reliant.com/defl/R1F00175429627A.pdf,https://shop.reliant.com/plans-for-you/?tdspCodeCCS=D0011&fromLP=ptc&txtPromocode=WF3713&sid=APTC_1686089562&utm_source=None&utm_campaign=Power+To+Choose+Listings&utm_medium=PTC_
33185,Reliant Power on 36 Plan,RELIANT,LPL,FIXED,36,18.8,18.8,18.8,0.0,395.0,24,False,False,This offer is for new customers only who enroll through Power to Choose.,https://www.reliant.com/defl/R1F00175429679A.pdf,https://shop.reliant.com/plans-for-you/?tdspCodeCCS=D0011&fromLP=ptc&txtPromocode=WF3713&sid=APTC_1686089562&utm_source=None&utm_campaign=Power+To+Choose+Listings&utm_medium=PTC_
33200,Smart Simple 24,CIRRO ENERGY,LPL,FIXED,24,18.5,18.5,18.5,0.0,295.0,24,False,False,,https://www.cirroenergy.com/defl/M1F00171858176A.pdf,https://www.cirroenergy.com/lp/ptcZipCodeSearch?tdsp_code=D0011&promo_code=WA198B&txtPromocode=WA198B&fromLP=ptc&sid=APTC_1685677096&utm_campaign=Power+To+Choose+Listings&utm_medium=PTC_&utm_source=None
33202,Smart Simple 36,CIRRO ENERGY,LPL,FIXED,36,18.7,18.7,18.7,0.0,395.0,24,False,False,,https://www.cirroenergy.com/defl/M1F00171858186A.pdf,https://www.cirroenergy.com/lp/ptcZipCodeSearch?tdsp_code=D0011&promo_code=WA198B&txtPromocode=WA198B&fromLP=ptc&sid=APTC_1685677096&utm_campaign=Power+To+Choose+Listings&utm_medium=PTC_&utm_source=None
32889,Daisy 6,BKV Energy,LPL,FIXED,6,11.799999999999999,11.799999999999999,11.799999999999999,0.0,,29,False,False,"Voted #1 Electricity Provider in Lubbock 2025! Simple and affordable fixed-rate electricity with no hidden fees like base charges, usage fees, setup fees, or bundle fees. Plus, no gimmicks or confusing fine print. This plan is for new customers only who enroll through the Power To Choose website. Sign up today!",https://enroll.bkvenergy.com/Home/EFL?productCode=RN00001964&promo=&term=6,https://enroll.bkvenergy.com/?promo=PTCALL0001
32898,Frontier Power Saver 12,FRONTIER UTILITIES,LPL,FIXED,12,14.499999999999998,14.499999999999998,14.499999999999998,0.0,150.0,30,False,False,This offer is for new customers only who enroll through the Power to Choose website.,https://eflviewer.frontierutilities.com/eflviewer.aspx?lang=EN&prodcode=FPOWSVR12&tdspcode=LPL,https://newenroll.frontierutilities.com/?refid=PTC_LPL&ul=1000&tdsp=LPL
32900,Frontier Power Saver 6,FRONTIER UTILITIES,LPL,FIXED,6,12.3,12.3,12.3,0.0,150.0,30,False,False,This offer is for new customers only who enroll through the Power to Choose website.,https://eflviewer.frontierutilities.com/eflviewer.aspx?lang=EN&prodcode=FPOWSVR06&tdspcode=LPL,https://newenroll.frontierutilities.com/?refid=PTC_LPL&ul=1000&tdsp=LPL
32902,Gexa Eco Choice 12,GEXA ENERGY,LPL,FIXED,12,14.7,14.7,14.7,0.0,150.0,100,False,False,Lock in a great fixed rate plan. |Free online bill pay and automatic billing options are also available.|This offer is for new customers only who enroll through the Power to Choose website.,https://eflviewer.gexaenergy.com/eflviewer.aspx?lang=EN&prodcode=GXAECOCHI12&tdspcode=LPL,https://newenroll.gexaenergy.com/?refid=PTC_LPL&ul=1000&tdsp=LPL
32904,Gexa Eco Choice Plus 12,GEXA ENERGY,LPL,FIXED,12,15.2,14.7,14.499999999999998,0.0,150.0,100,False,False,Lock in a great fixed rate plan. |Free online bill pay and automatic billing options are also available.|This offer is for new customers only who enroll through the Power to Choose website.,https://eflviewer.gexaenergy.com/eflviewer.aspx?lang=EN&prodcode=GXAECOCHIPLS12&tdspcode=LPL,https://newenroll.gexaenergy.com/?refid=PTC_LPL&ul=1000&tdsp=LPL
32905,Pollution Free e-Plus 12 Choice,GREEN MOUNTAIN ENERGY COMPANY,LPL,FIXED,12,19.900000000000002,19.900000000000002,19.900000000000002,0.0,150.0,100,False,False,Sign up for 100% Pollution Free Electricity today! For new customers only. This plan requires you to enroll in Tree Free billing and Auto Pay at greenmountain.com/myaccount within thirty (30) days of your service start date. Additional terms and conditions apply. See order confirmation page for details.,https://signup.greenmountain.com/defl/G1F00175867808A.pdf,https://www.greenmountainenergy.com/gmec-lnd-tx-ptc/?txtPromocode=WA0TEZ&sid=APTC_1686090168&utm_campaign=Power+To+Choose+Listings&utm_medium=PTC_&utm_source=None
32909,Pollution Free e-Plus Choice,GREEN MOUNTAIN ENERGY COMPANY,LPL,FIXED,0,19.5,19.5,19.5,0.0,0.0,100,False,False,¡Inscríbete para electricidad 100% Pollution Free hoy mismo! Este plan requiere que te inscribas en facturación Tree Free y Auto Pay en greenmountain.com/myaccount dentro de treinta (30) días de la fecha de inicio de tu servicio. Términos y condiciones adicionales aplican. Ve la página de confirmación de pedido para detalles.,https://signup.greenmountain.com/defl/G1F00164255456A.pdf,https://www.greenmountainenergy.com/gmec-lnd-tx-ptc/?sid=A3P_PTC_ERCOT_2015APR_PFe-PlusMTM
32910,Reliant Power On 12 Plan,RELIANT,LPL,FIXED,12,18.9,18.9,18.9,0.0,150.0,24,False,False,This offer is for new customers only who enroll through Power to Choose.,https://www.reliant.com/defl/R1F00176368501A.pdf,https://shop.reliant.com/plans-for-you/?tdspCodeCCS=D0011&fromLP=ptc&txtPromocode=WF3713&sid=APTC_1686089562&utm_source=None&utm_campaign=Power+To+Choose+Listings&utm_medium=PTC_
32914,Autopay Texas 12,DIRECT ENERGY,LPL,FIXED,12,18.2,18.2,18.2,0.0,150.0,24,False,False,"Lock in a fixed Texas energy rate for 12 months! Monthly base charge $4.95. For new customers only. If you stop Auto Pay at any time during your contract, you will be charged an AutoPay Breakage Fee of $5/month. If you cancel your plan early, you will be charged a $150 early termination fee. Terms and conditions apply.",https://documents.directenergy.com/dynamic/efl/D1F00175867788A.pdf,https://shop.directenergy.com/tx/product-chart-tabs?tdspCode=D0011&promo_code=WHPGCD&sid=APTC_1726591058&utm_campaign=PTC&utm_medium=PTC_&utm_source=PowerToChoose
32915,Smart Simple 12,CIRRO ENERGY,LPL,FIXED,12,18.2,18.2,18.2,0.0,150.0,24,False,False,"Paperless eBill and Bill Alert Options ::: 24/7 Local Customer Service ::: NO FEES for VISA, DISCOVER & MC::: Easy Online Account Access ::: This offer is for new customers only",https://www.cirroenergy.com/defl/M1F00171858172A.pdf,https://www.cirroenergy.com/lp/ptcZipCodeSearch?tdsp_code=D0011&promo_code=WA198B&txtPromocode=WA198B&fromLP=ptc&sid=APTC_1685677096&utm_campaign=Power+To+Choose+Listings&utm_medium=PTC_&utm_source=None
32921,Saver 12,Discount Power,LPL,FIXED,12,19.400000000000002,19.400000000000002,19.400000000000002,0.0,150.0,24,False,False,Facturacion electronica y pago automatico con targeta de credito / targeta de debito o cuenta bancaria. Esta oferta es solo para nuevos clientes que se inscriban a traves de Power to Choose o utilizando el codigo de promocion especial; Codigo de promocion necesario: WQ4131.,https://www.discountpowertx.com/defl/M1F00164229568A.pdf,https://shop.discountpowertx.com/offer-selection/?txtPromocode=WQ4131&tdspCode=D0011&language=es&fromLP=ptc&sid=APTC_1686090020&utm_campaign=Power+To+Choose+Listings&utm_medium=PTC_&utm_source=None
32928,TrueClassic 12,AP GAS & ELECTRIC (TX) LLC,LPL,FIXED,12,15.299999999999999,15.299999999999999,15.299999999999999,0.0,200.0,6,False,False,Welcome Lubbock Customers! Lock in a straightforward fixed rate plan that gives you price security for 12 months. Flexible. Affordable. Energy. That's APG&E!,https://artemis-api.apge.com/api/v1/document?documentId=73&offerCode=TXSRB12_LPL_NA_NA_RES_FPR_SD0_T12_NEW,https://www.apge.com/enroll#/offer?offerCode=TXSRB12_LPL_NA_NA_RES_FPR_SD0_T12_NEW&deploymentName=TX%20State%20Rate%20Board
32930,12 Month GREEN Usage Bill Credit,CONSTELLATION NEWENERGY INC,LPL,FIXED,12,21.2,17.7,18.7,0.0,150.0,100,False,False,,https://www.constellation.com/bin/residential/GetContractVersionPDF?versionNum=4906275,https://www.constellation.com/content/constellation/en/campaigns/powertochoose.html?UTM_source=powertochoose.org&UTM_medium=referral
32931,TrueClassic 24,AP GAS & ELECTRIC (TX) LLC,LPL,FIXED,24,15.299999999999999,15.299999999999999,15.299999999999999,0.0,250.0,6,False,False,Welcome Lubbock Customers! Lock in a straightforward fixed rate plan that gives you price security for 24 months. Flexible. Affordable. Energy. That's APG&E!,https://artemis-api.apge.com/api/v1/document?documentId=73&offerCode=SRBTX_LPL_NA_NA_RES_FPR_SD0_T24_NEW,https://www.apge.com/enroll#/offer?offerCode=SRBTX_LPL_NA_NA_RES_FPR_SD0_T24_NEW&deploymentName=TX%20State%20Rate%20Board
32933,TrueClassic 6,AP GAS & ELECTRIC (TX) LLC,LPL,FIXED,6,13.200000000000001,13.200000000000001,13.200000000000001,0.0,150.0,6,False,False,Welcome Lubbock Customers! Lock in a straightforward fixed rate plan that gives you price security for 6 months. Flexible. Affordable. Energy. That's APG&E!,https://artemis-api.apge.com/api/v1/document?documentId=73&offerCode=SRBTX_LPL_NA_NA_RES_FPR_SD0_T6_NEW,https://www.apge.com/enroll#/offer?offerCode=SRBTX_LPL_NA_NA_RES_FPR_SD0_T6_NEW&deploymentName=TX%20State%20Rate%20Board
32936,Champ Saver-24,CHAMPION ENERGY SERVICES LLC,LPL,FIXED,24,16.6,16.6,16.6,0.0,250.0,26,False,False,,https://docs.championenergyservices.com/ExternalDocs?planname=PN6179&state=TX&language=EN,https://www.championenergyservices.com/Residential/Sign-Up?promo=powertochoose
32937,Champ Saver-12,CHAMPION ENERGY SERVICES LLC,LPL,FIXED,12,16.5,16.5,16.5,0.0,150.0,26,False,False,,https://docs.championenergyservices.com/ExternalDocs?planname=PN6174&state=TX&language=ES,https://www.championenergyservices.com/Residential/Sign-Up?promo=powertochoose
32949,Octo Green 12,Octopus Energy,LPL,FIXED,12,19.1,19.1,19.1,0.0,150.0,100,False,False,"An energy plan that combines technology and green energy! Sign up and connect your qualifying smart device (thermostat or electric vehicle (EV)) to our Intelligent Octopus feature through our App for a lower Octopus Energy Charge. If no qualifying smart device is connected then the default Octopus Energy Charge shall apply. Please review to the Electricity Facts Label for additional details. More information on Intelligent Octopus terms and conditions can be found at https://assets.octopusenergy.com/x/e71b875d6d/intelligent-octopus-en.pdf. Interested in qualifying for the discounted rate, call one of our Energy Specials at (833) 628-6888! Qualifying smart thermostats include: Amazon, Honeywell, ecobee and Sensi. Qualifying EVs include: BMW, Tesla, Audi, Mini Cooper, Volkswagen, Porsche, Ford, and Jaguar.",https://octopusenergy.com/efl?id=340&service-provider=lpl&load-zone=LZ_WEST&lang=en,https://octopusenergy.com/affiliate/ptc
32953,SoFed Better Rate 36,SOUTHERN FEDERAL POWER LLC,LPL,FIXED,36,16.2,15.7,15.5,0.0,249.0,6,False,False,,https://bit.ly/49r0QQb,
32955,SoFed Better Rate - 6,SOUTHERN FEDERAL POWER LLC,LPL,FIXED,6,13.600000000000001,13.100000000000001,12.9,0.0,249.0,6,False,False,New and returning customers only.,https://bit.ly/4pfXuEg,https://southernfederal.com/
32956,SoFed Better Rate 12,SOUTHERN FEDERAL POWER LLC,LPL,FIXED,12,15.5,15.0,14.799999999999999,0.0,249.0,6,False,False,,https://bit.ly/474n2P1,https://southernfederal.com
32963,SoFed Mejor Tarifa – 18,SOUTHERN FEDERAL POWER LLC,LPL,FIXED,18,15.299999999999999,14.799999999999999,14.6,0.0,249.0,6,False,False,Solo para clientes nuevos y recurrentes.,https://bit.ly/4sguSxp,https://southernfederal.com/
32964,SoFed Mejor Tarifa – 36,SOUTHERN FEDERAL POWER LLC,LPL,FIXED,36,16.2,15.7,15.5,0.0,249.0,6,False,False,Solo para clientes nuevos y recurrentes.,https://bit.ly/3MVFuBJ,https://southernfederal.com/
32969,Free Weekends-12,CHAMPION ENERGY SERVICES LLC,LPL,FIXED,12,16.5,16.5,16.5,0.0,150.0,26,False,True,Free power from 12 midnight Friday night to 11:59 PM Sunday night. No monthly fee or minimum usage requirement. Indexed Solar Buyback Included.,https://docs.championenergyservices.com/ExternalDocs?planname=PN6176&state=TX&language=EN,https://www.championenergyservices.com/Residential/Sign-Up?promo=powertochoose
33065,Embrace Green 12 - New Customer Special,CleanSky Energy,LPL,FIXED,12,13.700000000000001,13.700000000000001,13.700000000000001,0.0,150.0,100,False,False,This plan is for new customers only. Autopay is required. Please enroll through the PowertoChoose sign up link. Have a question about a plan or need help placing an order? Call us: 1-888-733-5557 | Email us: CustomerCare@CleanSkyEnergy.com,https://rates.titangasandpower.com/Frontend/DownloadDoc?path=713d3819-505d-49df-bfd8-be71a9c6d2c7.html&id_plan=555554,https://signup.cleanskyenergy.com/rates?utility_id=121&promocode=PTCHOOSETX
33067,Embrace Green 24 - New Customer Special,CleanSky Energy,LPL,FIXED,24,15.8,15.8,15.8,0.0,225.0,100,False,False,This plan is for new customers only. Autopay is required. Please enroll through the PowertoChoose sign up link. Have a question about a plan or need help placing an order? Call us: 1-888-733-5557 | Email us: CustomerCare@CleanSkyEnergy.com,https://rates.titangasandpower.com/Frontend/DownloadDoc?path=713d3819-505d-49df-bfd8-be71a9c6d2c7.html&id_plan=532312,https://signup.cleanskyenergy.com/rates?utility_id=121&promocode=PTCHOOSETX
31968,Basics PTC - 24,AMIGO ENERGY,LPL,FIXED,24,17.9,17.9,17.9,0.0,175.0,31,False,False,"Ask for our PTC rates. Lock in your energy rate with no Base Charges, no Minimum Use fees or Payment fees! Transmission and distribution charges passed through at cost. Please refer to the Electricity Facts Label for additional details. Call our Customer Hotline at (866) 327-0839 to sign up today!",https://webs.amigoenergy.com/Generate_Docs/Generate_EflLinks.aspx?RID=FmU1axfKZP4=&RCID=rv5fvOkFHh4=&L=6f+Ch9flI7k=,https://amigoenergy.com/lp/ptc/?utm_source=powertochoose&utm_medium=referral&utm_campaign=LT
31960,Basics PTC - 60,JUST ENERGY,LPL,FIXED,60,17.9,17.9,17.9,0.0,175.0,31,False,False,"Ask for our PTC rates. Lock in your energy rate with no Base Charges, no Minimum Use fees or Payment fees! Transmission and distribution charges passed through at cost. Please refer to the Electricity Facts Label for additional details. Call our Customer Hotline at (866) 327-0821 to sign up today!",https://webs.justenergydeals.com/Generate_Docs/Generate_EflLinks.aspx?RID=ffiZbWf+Qi8=&RCID=gNASPlhlupI=&L=jfm4E/YMcQk=,https://justenergy.com/affiliatepartner/ptc/?utm_source=powertochoose&utm_medium=referral&utm_campaign=LT
31941,True Value 36,TRUE POWER,LPL,FIXED,36,15.7,15.7,15.7,0.0,300.0,15,False,False,,https://truepowerefl.com/eflportal/efl/view/LP&L/771,https://truepower.com/partner/ptc/
31928,Straight Forward 12,Abundance Energy,LPL,FIXED,12,15.9,15.4,15.1,0.0,150.0,25,False,False,Go to Abundance Energy website to see all plans and term lengths.,https://api.quextenergy.onproton.io/enrollment/document?template_bucket=abundance-product-templates&template_file=tx/Straightforward_EFL.docx&rate_id=9889,https://join.abundanceenergy.com/?promoCode=PTC
31978,Basics PTC - 24,TARA ENERGY,LPL,FIXED,24,17.9,17.9,17.9,0.0,175.0,31,False,False,"Ask for our PTC rates. Lock in your energy rate with no Base Charges, no Minimum Use fees or Payment fees! Transmission and distribution charges passed through at cost. Please refer to the Electricity Facts Label for additional details. Call our Customer Hotline at (866) 327-0880 to sign up today!",https://webs.taraenergy.com/Generate_Docs/Generate_EflLinks.aspx?RID=9go1u2iCjqo=&RCID=cacW2cvK/I0=&L=6f+Ch9flI7k=,https://taraenergy.com/ptc/?utm_source=powertochoose&utm_medium=referral&utm_campaign=LT
31995,Daisy 12,BKV Energy,LPL,FIXED,12,14.299999999999999,14.299999999999999,14.299999999999999,0.0,,29,False,False,"Voted #1 Electricity Provider in Lubbock 2025! Simple and affordable fixed-rate electricity with no hidden fees like base charges, usage fees, setup fees, or bundle fees. Plus, no gimmicks or confusing fine print. This plan is for new customers only who enroll through the Power To Choose website. Sign up today!",https://enroll.bkvenergy.com/Home/EFL?productCode=RN00001835&term=12,https://enroll.bkvenergy.com/?promo=PTCALL0001
29389,True Value 12,TRUE POWER,LPL,FIXED,12,14.299999999999999,14.299999999999999,14.299999999999999,0.0,300.0,15,False,False,,https://truepowerefl.com/eflportal/efl/view/LP&L/791,https://truepower.com/partner/ptc/
36005,Think Simple With Smart Thermostat 5,Think Energy,LPL,FIXED,5,12.9,13.4,13.700000000000001,0.0,200.0,25,False,False,"Connected Thermostat Required, see EFL and Terms of Service for Details",https://api.thinkenergy.onproton.io/enrollment/get_latest_document?lang=en&product_code=tx.thinksimple.noap.thermostat.fixed&tdsp_id=9&doc_type=EFL&term=5&promo_code=default,https://www.thinkenergy.com/
35985,SoFed Mejor Tarifa – 6,SOUTHERN FEDERAL POWER LLC,LPL,FIXED,6,13.600000000000001,13.100000000000001,12.9,0.0,249.0,6,False,False,New and returning customers only.,https://bit.ly/3L8cQNm,https://southernfederal.com/
35908,Embrace Green 6 - New Customer Special,CleanSky Energy,LPL,FIXED,6,12.0,12.0,12.0,0.0,75.0,100,False,False,This plan is for new customers only. Autopay is required. Please enroll through the PowertoChoose sign up link. Have a question about a plan or need help placing an order? Call us: 1-888-733-5557 | Email us: CustomerCare@CleanSkyEnergy.com,https://rates.titangasandpower.com/Frontend/DownloadDoc?path=713d3819-505d-49df-bfd8-be71a9c6d2c7.html&id_plan=555552,https://signup.cleanskyenergy.com/rates?utility_id=121&promocode=PTCHOOSETX
35910,Gexa Eco Choice 6,GEXA ENERGY,LPL,FIXED,6,12.8,12.8,12.8,0.0,150.0,100,False,False,Lock in a great fixed rate plan. |Free online bill pay and automatic billing options are also available. |This offer is for customers who enroll through the Power to Choose website.,https://eflviewer.gexaenergy.com/eflviewer.aspx?lang=EN&prodcode=GXAECOCHI6&tdspcode=LPL,https://newenroll.gexaenergy.com/?refid=PTC_LPL&ul=1000&tdsp=LPL
35924,True Value 16,TRUE POWER,LPL,FIXED,16,16.2,16.2,16.2,0.0,300.0,15,False,False,,https://truepowerefl.com/eflportal/efl/view/LP&L/823,https://truepower.com/partner/ptc/
35934,Companion + Perks 6,Companion Energy,LPL,FIXED,6,12.2,12.2,12.2,0.0,150.0,30,False,False,"FREE Pet Benefits! | Companion Energy customers get 24/7 Airvet virtual vet service (a $420/year value) and 25% off in-person vet visits at participating in-network vet clinics, FREE with every Companion Energy electricity plan. | This offer is for new customers only who enroll through the Power to Choose website.",https://eflviewer.companionenergy.com/eflviewer.aspx?lang=EN&prodcode=CEPERK6&tdspcode=LPL,https://newenroll.companionenergy.com/?refid=PTCPERKS06&ul=1000&tdsp=LPL&utm_source=power_to_choose&utm_medium=referral&utm_campaign=PTC-PTCPERKS06&utm_content=LPL&utm_term=additional_info
35886,Frontier Power Saver Plus 6,FRONTIER UTILITIES,LPL,FIXED,6,12.8,12.3,12.1,0.0,150.0,30,False,False,This offer is for new customers only who enroll through the Power to Choose website.,https://eflviewer.frontierutilities.com/eflviewer.aspx?lang=EN&prodcode=FPOWSVRPLS6&tdspcode=LPL,https://newenroll.frontierutilities.com/?refid=PTC_LPL&ul=1000&tdsp=LPL
35867,Octo Simple 18,Octopus Energy,LPL,FIXED,18,18.4,18.4,18.4,0.0,200.0,100,False,False,"Lock in a fixed electricity rate for 18 months with 100% renewable power. Enjoy long-term stability and protection from market ups and downs — with no hidden fees, no surprises, and the friendly, award-winning customer service Octopus Energy is known for.",https://octopusenergy.com/efl?id=538&service-provider=lpl&load-zone=LZ_WEST&lang=en,https://octopusenergy.com/affiliate/ptc
35874,Frontier Power Saver Plus 12,FRONTIER UTILITIES,LPL,FIXED,12,15.0,14.499999999999998,14.299999999999999,0.0,150.0,30,False,False,This offer is for new customers only who enroll through the Power to Choose website.,https://eflviewer.frontierutilities.com/eflviewer.aspx?lang=EN&prodcode=FPOWSVRPLS12&tdspcode=LPL,https://newenroll.frontierutilities.com/?refid=PTC_LPL&ul=1000&tdsp=LPL
35832,True Value 28,TRUE POWER,LPL,FIXED,28,15.9,15.9,15.9,0.0,300.0,15,False,False,,https://truepowerefl.com/eflportal/efl/view/spanish/LP&L/824,https://truepower.com/partner/ptc/
35834,True Value 24,TRUE POWER,LPL,FIXED,24,15.8,15.8,15.8,0.0,300.0,15,False,False,,https://truepowerefl.com/eflportal/efl/view/spanish/LP&L/793,https://truepower.com/partner/ptc/
35809,Free Nights 6,CleanSky Energy,LPL,FIXED,6,14.399999999999999,14.399999999999999,14.399999999999999,0.0,100.0,100,False,True,This plan is for new customers only. Autopay is required. Please enroll through the PowertoChoose sign up link. Have a question about a plan or need help placing an order? Call us: 1-888-733-5557 | Email us: CustomerCare@CleanSkyEnergy.com,https://rates.titangasandpower.com/Frontend/DownloadDoc?path=b581ef76-b4a1-4374-9c74-d6cc57c10b85.html&id_plan=550617,https://signup.cleanskyenergy.com/rates?utility_id=121&promocode=PTCHOOSETX
35742,Octo Simple 8,Octopus Energy LLC,LPL,FIXED,8,18.7,18.7,18.7,0.0,150.0,100,False,False,"Fija una tarifa fija de electricidad durante 8 meses con energía 100 % renovable. Disfruta de estabilidad durante todas las estaciones, sin cargos ocultos ni sorpresas en tu factura, con el respaldo del galardonado servicio al cliente de Octopus Energy.",https://octopusenergy.com/efl?id=473&service-provider=lpl&load-zone=LZ_WEST&lang=es,https://octopusenergy.com/es/affiliate/ptc
35767,Companion + Perks 12,Companion Energy,LPL,FIXED,12,14.399999999999999,14.399999999999999,14.399999999999999,0.0,150.0,30,False,False,"FREE Pet Benefits! | Companion Energy customers get 24/7 Airvet virtual vet service (a $420/year value) and 25% off in-person vet visits at participating in-network vet clinics, FREE with every Companion Energy electricity plan. | This offer is for new customers only who enroll through the Power to Choose website.",https://eflviewer.companionenergy.com/eflviewer.aspx?lang=EN&prodcode=CEPERK12&tdspcode=LPL,https://newenroll.companionenergy.com/?refid=PTCPERKS12&ul=1000&tdsp=LPL&utm_source=power_to_choose&utm_medium=referral&utm_campaign=PTC-PTCPERKS12&utm_content=LPL&utm_term=additional_info
35728,Octo Simple 6,Octopus Energy LLC,LPL,FIXED,6,18.6,18.6,18.6,0.0,150.0,100,False,False,"Lock in a simple, steady electricity rate for six months. With this short-term fixed plan, you get protection from price swings and no hidden fees or surprises on your bill. 100% renewable energy included, backed by Octopus Energy’s award-winning customer service.",https://octopusenergy.com/efl?id=505&service-provider=lpl&load-zone=LZ_WEST&lang=en,https://octopusenergy.com/affiliate/ptc
35700,Octopus Lite 12,Octopus Energy,LPL,FIXED,12,28.4,15.9,22.1,0.0,150.0,100,False,False,"A simple 12-month fixed-rate plan designed for lighter energy users. Use 1,000 kWh or more in a billing cycle and you’ll automatically get a $100 usage credit toward your bill. No base charges, 100% renewable power, and transparent pricing. Early termination fee applies.",https://octopusenergy.com/efl?id=406&service-provider=LPL&load-zone=LZ_WEST&lang=en,https://octopusenergy.com/affiliate/ptc
35673,Bright Nights 18,CHARIOT ENERGY,LPL,FIXED,18,15.299999999999999,14.299999999999999,13.8,0.0,,100,False,True,"Sign-up today and receive regret-free 100% clean renewable energy at prices competitive to traditional power. We’re committed to providing our customers transparency, simplicity and clean energy backed by world class customer experience.• This product requires Autopay & E-bill set up.",https://signup.chariotenergy.com//Home/EFl?productId=41414,https://signup.chariotenergy.com//Home/index?ProductCode=RRT18001321&Promo=GqAtunAVIGY=
35686,Octo Green 10,Octopus Energy,LPL,FIXED,10,19.5,19.5,19.5,0.0,150.0,100,False,False,Desbloquea nuestro plan de tarifa fija de 10 meses con electricidad 100 % renovable. Disfruta de estabilidad de precios y un compromiso de permanencia más corto.,https://octopusenergy.com/efl?id=439&service-provider=lpl&load-zone=LZ_WEST&lang=es,https://octopusenergy.com/es/affiliate/ptc
35624,Straight Forward 3,Abundance Energy,LPL,FIXED,3,13.900000000000002,13.4,13.100000000000001,0.0,150.0,25,False,False,Go to Abundance Energy website to see all plans and term lengths.,https://api.quextenergy.onproton.io/enrollment/document?template_bucket=abundance-product-templates&template_file=tx/Straightforward_EFL.docx&rate_id=10059,https://join.abundanceenergy.com/?promoCode=PTC
35656,Smart Secure 6,AE TEXAS,LPL,FIXED,6,13.600000000000001,13.600000000000001,13.600000000000001,0.0,,36,False,False,"Experience peace of mind with our Smarter Secure plan, offering a fixed energy rate and transparent TDU charges passed through with NO MARKUP. No hidden fees, minimum usage, or gimmicks.",https://enroll.aetexasco.com/EmailHTML/efl.aspx?RateID=1915&BrandID=1&PromoCodeID=114,https://enroll.aetexasco.com/Enrollment/Default.aspx?&promoCode=AETXPTC1
35551,Bright Nights 4,CHARIOT ENERGY,LPL,FIXED,4,12.8,11.799999999999999,11.3,0.0,,100,False,True,"Sign-up today and receive regret-free 100% clean renewable energy at prices competitive to traditional power. We’re committed to providing our customers transparency, simplicity and clean energy backed by world class customer experience.• This product requires Autopay & E-bill set up.",https://signup.chariotenergy.com//Home/EFl?productId=41661,https://signup.chariotenergy.com//Home/index?ProductCode=RNR04000048&Promo=GqAtunAVIGY=
35523,Straight Forward 6,Abundance Energy,LPL,FIXED,6,14.099999999999998,13.600000000000001,13.4,0.0,150.0,25,False,False,Go to Abundance Energy website to see all plans and term lengths.,https://api.quextenergy.onproton.io/enrollment/document?template_bucket=abundance-product-templates&template_file=tx/Straightforward_EFL.docx&rate_id=10035,https://join.abundanceenergy.com/?promoCode=PTC
35309,Clean Energy 12,Abundance Energy,LPL,FIXED,12,16.400000000000002,15.9,15.6,0.0,150.0,100,False,False,Go to Abundance Energy website to see all plans and term lengths.,https://api.quextenergy.onproton.io/enrollment/document?template_bucket=abundance-product-templates&template_file=tx/CleanEnergy_EFL.docx&rate_id=9876,https://join.abundanceenergy.com/?promoCode=PTC
35252,OctopusFlex,Octopus Energy,LPL,FIXED,12,19.2,19.2,19.2,0.0,150.0,100,False,True,"Octopus Flex es un plan de electricidad 100 % renovable con horario de uso que te recompensa con tarifas más bajas por usar energía fuera de las horas punta (22:00 a 6:00). Ahorrarás aún más en primavera y otoño, cuando la energía es más limpia y económica. Modifica tu consumo, como usar electrodomésticos o cargar tu vehículo eléctrico por la noche, y disfruta de grandes ahorros mientras contribuyes a una red más ecológica.",https://octopusenergy.com/efl?id=373&service-provider=lpl&load-zone=LZ_WEST&lang=es,https://octopusenergy.com/es/affiliate/ptc
35089,Reliable Fixed 12,NEXTVOLT TEXAS LLC,LPL,FIXED,12,17.4,17.4,17.4,0.0,149.0,6,False,False,,https://myaccountpage.nextvoltenergy.com/docs/efls/output/20251218_1_RF12-147_LUBBOCK_WEST_001.pdf,https://www.nextvoltenergy.com/texas/electricity-plans/?cid=PTC20251002065224&mtm_source=PTC&mtm_medium=Referral
34881,Discount Nights 12,Discount Power,LPL,FIXED,12,18.5,18.5,18.5,0.0,150.0,20,False,True,"Electronic Billing and auto payment via bank draft, credit card, or debit card available. This offer is for new customers only. Enroll through Power to Choose or by using special promo code; Promo Code Required: WQ4131.",https://www.discountpowertx.com/defl/M1F00171858112A.pdf,https://shop.discountpowertx.com/offer-selection/?txtPromocode=WQ4131&tdspCode=D0011&fromLP=ptc&sid=APTC_1686090020&utm_campaign=Power+To+Choose+Listings&utm_medium=PTC_&utm_source=None
34986,Bright Nights 12,CHARIOT ENERGY,LPL,FIXED,12,14.6,13.600000000000001,13.100000000000001,0.0,,100,False,True,"Sign-up today and receive regret-free 100% clean renewable energy at prices competitive to traditional power. We’re committed to providing our customers transparency, simplicity and clean energy backed by world class customer experience.• This product requires Autopay & E-bill set up.",https://signup.chariotenergy.com//Home/EFl?productId=41625,https://signup.chariotenergy.com//Home/index?ProductCode=RRT12002702&Promo=GqAtunAVIGY=
34989,Bright Nights 24,CHARIOT ENERGY,LPL,FIXED,24,15.9,14.899999999999999,14.399999999999999,0.0,,100,False,True,"Sign-up today and receive regret-free 100% clean renewable energy at prices competitive to traditional power. We’re committed to providing our customers transparency, simplicity and clean energy backed by world class customer experience.• This product requires Autopay & E-bill set up.",https://signup.chariotenergy.com//Home/EFl?productId=34669,https://signup.chariotenergy.com//Home/index?ProductCode=RRT24001662&Promo=GqAtunAVIGY=
34991,Bright Nights 36,CHARIOT ENERGY,LPL,FIXED,36,15.9,14.899999999999999,14.399999999999999,0.0,,100,False,True,"Sign-up today and receive regret-free 100% clean renewable energy at prices competitive to traditional power. We’re committed to providing our customers transparency, simplicity and clean energy backed by world class customer experience.• This product requires Autopay & E-bill set up.",https://signup.chariotenergy.com//Home/EFl?productId=38468,https://signup.chariotenergy.com//Home/index?ProductCode=RRT36002708&Promo=GqAtunAVIGY=
34805,Daisy 18,BKV Energy,LPL,FIXED,18,13.8,13.8,13.8,0.0,,29,False,False,Esta oferta es exclusiva para nuevos clientes que se inscriban a través del sitio web Power to Choose.,https://enroll.bkvenergy.com/Home/EFL?productCode=RN00027071&promo=&term=18&ver=spanish,https://enroll.bkvenergy.com/?promo=PTCALL0001
34694,Confident Renter 12,Abundance Energy,LPL,FIXED,12,15.299999999999999,15.299999999999999,15.299999999999999,0.0,150.0,25,False,False,Go to Abundance Energy website to see all plans and term lengths.,https://api.quextenergy.onproton.io/enrollment/document?template_bucket=abundance-product-templates&template_file=tx/ConfidentRenter_EFL.docx&rate_id=9882,https://join.abundanceenergy.com/?promoCode=PTC
34687,Daisy 13,BKV Energy,LPL,FIXED,13,14.399999999999999,14.399999999999999,14.399999999999999,0.0,,29,False,False,"Voted #1 Electricity Provider in Lubbock 2025! Simple and affordable fixed-rate electricity with no hidden fees like base charges, usage fees, setup fees, or bundle fees. Plus, no gimmicks or confusing fine print. This plan is for new customers only who enroll through the Power To Choose website. Sign up today!",https://enroll.bkvenergy.com/Home/EFL?productCode=RN00013527&term=13,https://enroll.bkvenergy.com/?promo=PTCALL0001
34704,Think Clean 12 with Smart Thermostat Connected,Think Energy,LPL,FIXED,12,14.7,15.2,15.5,0.0,200.0,100,False,False,"Connected Thermostat Required, see EFL and Terms of Service for Details",https://docs.cloud.thinkenergy.com/EFL/?term=12&duns=0582138934100&product=tx.thinkclean.noap.fixed.thermostat&lang=en,https://www.thinkenergy.com/?utm_source=rateboard&utm_medium=referral&utm_campaign=texas
34642,Smart Secure 36,AE TEXAS,LPL,FIXED,36,15.8,15.8,15.8,0.0,,35,False,False,"Experimente la tranquilidad con nuestro plan Smarter Secure, que ofrece una tarifa de energía fija y cargos TDU transparentes sin margen de beneficio. Sin tarifas ocultas, uso mínimo ni trucos.",https://enroll.aetexasco.com/EmailHTML/efl_SPA.aspx?RateID=1941&BrandID=1&PromoCodeID=114,https://enroll.aetexasco.com/Enrollment/Default.aspx?&promoCode=AETXPTC1
34579,Autopay Texas 24,DIRECT ENERGY,LPL,FIXED,24,18.7,18.7,18.7,0.0,295.0,24,False,False,"Lock in a fixed Texas energy rate for 12 months! Monthly base charge $4.95. For new customers only. If you stop Auto Pay at any time during your contract, you will be charged an AutoPay Breakage Fee of $5/month. If you cancel your plan early, you will be charged a $150 early termination fee. Terms and conditions apply.",https://documents.directenergy.com/dynamic/efl/D1F00175867768A.pdf,https://shop.directenergy.com/tx/product-chart-tabs?tdspCode=D0011&promo_code=WHPGCD&sid=APTC_1726591058&utm_campaign=PTC&utm_medium=PTC_&utm_source=PowerToChoose
34483,Think Clean 36,Think Energy,LPL,FIXED,36,17.7,17.2,16.900000000000002,0.0,200.0,100,False,False,Solo para nuevos clientes. Se requiere pagos automatizados,https://docs.cloud.thinkenergy.com/EFL/?term=36&duns=0582138934100&product=tx.thinkclean.ap.fixed&lang=es,https://www.thinkenergy.com/?utm_source=rateboard&utm_medium=referral&utm_campaign=texas
34440,Think Simple 5,Think Energy,LPL,FIXED,5,14.899999999999999,14.399999999999999,14.2,0.0,200.0,25,False,False,New Customers Only.,https://api.thinkenergy.onproton.io/enrollment/get_latest_document?lang=en&product_code=tx.thinksimple.noap.fixed&tdsp_id=9&doc_type=EFL&term=5&promo_code=default,https://www.thinkenergy.com/?utm_source=rateboard&utm_medium=referral&utm_campaign=texas
34480,Think Clean 12,Think Energy,LPL,FIXED,12,16.7,16.2,16.0,0.0,200.0,100,False,False,Solo para nuevos clientes,https://docs.cloud.thinkenergy.com/EFL/?term=12&duns=0582138934100&product=tx.thinkclean.noap.fixed&lang=es,https://www.thinkenergy.com/?utm_source=rateboard&utm_medium=referral&utm_campaign=texas
36015,Free Nights 12,Texans Choice Power LLC,ONCOR,FIXED,12,16.37,15.950000000000001,15.73,0.0,100.0,35,False,True,,https://signup.texanschoicepower.com/getdocument/?getproductpdf=1&productid=153863&type=EFL_TIMEOFUSE&title=153863_EFL_TIMEOFUSE&language=english,https://signup.texanschoicepower.com/?PromoCode=PTC
35990,Choose 6,Texans Choice Power LLC,ONCOR,FIXED,6,12.5,12.1,11.899999999999999,0.0,100.0,35,False,False,,https://signup.texanschoicepower.com/getdocument/?getproductpdf=1&productid=153838&type=EFL&title=153838_EFL&language=english,https://signup.texanschoicepower.com/?PromoCode=PTC
36007,Think Simple With Smart Thermostat 5,Think Energy,ONCOR,FIXED,5,11.700000000000001,11.799999999999999,11.799999999999999,0.0,200.0,25,False,False,"Connected Thermostat Required, see EFL and Terms of Service for Details",https://api.thinkenergy.onproton.io/enrollment/get_latest_document?lang=en&product_code=tx.thinksimple.noap.thermostat.fixed&tdsp_id=3&doc_type=EFL&term=5&promo_code=default,https://www.thinkenergy.com/
35979,Texas Instant 12,Texans Choice Power LLC,ONCOR,FIXED,12,28.999999999999996,14.499999999999998,14.299999999999999,0.0,200.0,35,False,False,,https://signup.texanschoicepower.com/getdocument/?getproductpdf=1&productid=153829&type=EFL_TIEREDPRICING&title=153829_EFL_TIEREDPRICING&language=english,https://signup.texanschoicepower.com/?PromoCode=PTC
35960,Choose 12,Texans Choice Power LLC,ONCOR,FIXED,12,14.299999999999999,13.900000000000002,13.700000000000001,0.0,100.0,35,False,False,,https://signup.texanschoicepower.com/getdocument/?getproductpdf=1&productid=153808&type=EFL&title=153808_EFL&language=english,https://signup.texanschoicepower.com/?PromoCode=PTC
35942,Companion + Perks 6,Companion Energy,ONCOR,FIXED,6,11.4,11.0,10.8,0.0,150.0,30,False,False,"FREE Pet Benefits! | Companion Energy customers get 24/7 Airvet virtual vet service (a $420/year value) and 25% off in-person vet visits at participating in-network vet clinics, FREE with every Companion Energy electricity plan. | This offer is for new customers only who enroll through the Power to Choose website.",https://eflviewer.companionenergy.com/eflviewer.aspx?lang=EN&prodcode=CEPERK6&tdspcode=ONCOR_ELEC,https://newenroll.companionenergy.com/?refid=PTCPERKS06&ul=1000&tdsp=ONCOR_ELEC&utm_source=power_to_choose&utm_medium=referral&utm_campaign=PTC-PTCPERKS06&utm_content=ONCOR_ELEC&utm_term=additional_info
35918,Gexa Eco Choice 6,GEXA ENERGY,ONCOR,FIXED,6,11.700000000000001,11.3,11.1,0.0,150.0,100,False,False,Lock in a great fixed rate plan. |Free online bill pay and automatic billing options are also available. |This offer is for customers who enroll through the Power to Choose website.,https://eflviewer.gexaenergy.com/eflviewer.aspx?lang=EN&prodcode=GXAECOCHI6&tdspcode=ONCOR_ELEC,https://newenroll.gexaenergy.com/?refid=PTC_EcoChoice06&ul=1000&tdsp=ONCOR_ELEC
35907,Daisy 6,BKV Energy,ONCOR,FIXED,6,12.7,12.3,12.1,0.0,,29,False,False,Esta oferta es exclusiva para nuevos clientes que se inscriban a través del sitio web Power to Choose.,https://enroll.bkvenergy.com/Home/EFL?productCode=RN00085558&promo=&term=6&ver=spanish,https://enroll.bkvenergy.com/?promo=PTCALL0001
35895,Frontier Power Saver Plus 6,FRONTIER UTILITIES,ONCOR,FIXED,6,12.0,11.1,10.7,0.0,150.0,30,False,False,This offer is for new customers only who enroll through the Power to Choose website.,https://eflviewer.frontierutilities.com/eflviewer.aspx?lang=EN&prodcode=FPOWSVRPLS6&tdspcode=ONCOR_ELEC,https://newenroll.frontierutilities.com/?refid=PTCFPSPLS06&ul=1000&tdsp=ONCOR_ELEC
35840,HOMERUN 6,VARSITY ENERGY LLC,ONCOR,FIXED,6,11.700000000000001,11.3,11.1,0.0,150.0,31,False,False,For this product you will receive all communications via email / Please email bench@varsityenergy.com for all customer inquiries / You may set up Autopay through your online account or by contacting customer service / TDSP pass-through delivery charges are subject to change at the Utilities discretion and are out of our control.,https://signup.varsityenergy.com/Home/EFl?productId=32916&ver=english,https://signup.varsityenergy.com/Home/index?ProductCode=RN06000043&Promo=PTC
35882,Frontier Power Saver Plus 12,FRONTIER UTILITIES,ONCOR,FIXED,12,14.000000000000002,13.100000000000001,12.7,0.0,150.0,30,False,False,This offer is for new customers only who enroll through the Power to Choose website.,https://eflviewer.frontierutilities.com/eflviewer.aspx?lang=EN&prodcode=FPOWSVRPLS12&tdspcode=ONCOR_ELEC,https://newenroll.frontierutilities.com/?refid=PTCFPSPLS12&ul=1000&tdsp=ONCOR_ELEC
35861,Octo Simple 18,Octopus Energy,ONCOR,FIXED,18,13.700000000000001,13.200000000000001,13.0,0.0,200.0,100,False,False,"Lock in a fixed electricity rate for 18 months with 100% renewable power. Enjoy long-term stability and protection from market ups and downs — with no hidden fees, no surprises, and the friendly, award-winning customer service Octopus Energy is known for.",http://octopusenergy.com/efl?id=538&service-provider=ONCOR&load-zone=LZ_NORTH&lang=en,https://octopusenergy.com/affiliate/ptc
35801,Free Nights 6,CleanSky Energy,ONCOR,FIXED,6,14.499999999999998,14.099999999999998,13.900000000000002,0.0,100.0,100,False,True,This plan is for new customers only. Autopay is required. Please enroll through the PowertoChoose sign up link. Have a question about a plan or need help placing an order? Call us: 1-888-733-5557 | Email us: CustomerCare@CleanSkyEnergy.com,https://rates.titangasandpower.com/Frontend/DownloadDoc?path=b581ef76-b4a1-4374-9c74-d6cc57c10b85.html&id_plan=550601,https://signup.cleanskyenergy.com/rates?utility_id=113&promocode=PTCHOOSETX
35820,Digital Choice 36,RHYTHM,ONCOR,FIXED,36,14.899999999999999,14.899999999999999,15.0,0.0,,100,False,False,"Secure a 100% renewable electricity plan. | Enjoy Fair-for-All Pricing, with No Hidden Fees! | Access local Texas customer care 7 days a week. | Save on your bill with Rhythm Rewards. | Call us at 1-877-649-0441 and sign up today!",https://api.energytexas.com/api/pricing/offers/latest-offers-efl/18912/?locale=en,https://gotrhythm.com/?rcid=power-to-choose&utm_source=powertochoose&utm_campaign=oncor&utm_medium=state-shopping&utm_term=DC36
35712,Bright Start 4 - $25 credit on your first bill!,HERITAGE POWER LLC,ONCOR,FIXED,4,12.9,12.5,12.3,0.0,75.0,25,False,False,*Sign up today & get $25 on your first bill!*Autopay & E-billing Required,https://signup.heritagepower.com/Home/EFl?productId=6168,https://signup.heritagepower.com/Home/index?ProductCode=RN04000001&Promo=PTC
35740,Octo Simple 8,Octopus Energy LLC,ONCOR,FIXED,8,14.7,14.2,14.000000000000002,0.0,150.0,100,False,False,Lock in a fixed electricity rate for 8 months with 100% renewable power. Enjoy stability through the seasons with no hidden fees or surprises on your bill — backed by Octopus Energy’s award-winning customer service.,https://octopusenergy.com/efl?id=473&service-provider=ONCOR&load-zone=LZ_NORTH&lang=en,https://octopusenergy.com/affiliate/ptc
35775,Companion + Perks 12,Companion Energy,ONCOR,FIXED,12,13.4,13.0,12.8,0.0,150.0,30,False,False,"FREE Pet Benefits! | Companion Energy customers get 24/7 Airvet virtual vet service (a $420/year value) and 25% off in-person vet visits at participating in-network vet clinics, FREE with every Companion Energy electricity plan. | This offer is for new customers only who enroll through the Power to Choose website.",https://eflviewer.companionenergy.com/eflviewer.aspx?lang=EN&prodcode=CEPERK12&tdspcode=ONCOR_ELEC,https://newenroll.companionenergy.com/?refid=PTCPERKS12&ul=1000&tdsp=ONCOR_ELEC&utm_source=power_to_choose&utm_medium=referral&utm_campaign=PTC-PTCPERKS12&utm_content=ONCOR_ELEC&utm_term=additional_info
35733,Octo Simple 6,Octopus Energy LLC,ONCOR,FIXED,6,13.8,13.4,13.200000000000001,0.0,250.0,100,False,False,"Fija una tarifa de electricidad simple y estable durante seis meses. Con este plan fijo a corto plazo, te proteges de las fluctuaciones de precio y sin cargos ocultos ni sorpresas en tu factura. Energía 100 % renovable incluida, con el respaldo del galardonado servicio al cliente de Octopus Energy.",https://octopusenergy.com/efl?id=505&service-provider=ONCOR&load-zone=LZ_NORTH&lang=es,https://octopusenergy.com/es/affiliate/ptc
35698,Octopus Lite 12,Octopus Energy,ONCOR,FIXED,12,22.0,9.1,15.1,0.0,150.0,100,False,False,"A simple 12-month fixed-rate plan designed for lighter energy users. Use 1,000 kWh or more in a billing cycle and you’ll automatically get a $100 usage credit toward your bill. No base charges, 100% renewable power, and transparent pricing. Early termination fee applies.",https://octopusenergy.com/efl?id=406&service-provider=ONCOR&load-zone=LZ_NORTH&lang=en,https://octopusenergy.com/affiliate/ptc
35683,Octo Green 10,Octopus Energy,ONCOR,FIXED,10,15.4,15.0,14.799999999999999,0.0,150.0,100,False,False,Unlock our 10-month fixed-rate plan with 100% renewable electricity. Enjoy price stability and a shorter commitment.,https://octopusenergy.com/efl?id=439&service-provider=ONCOR&load-zone=LZ_NORTH&lang=en,https://octopusenergy.com/affiliate/ptc
35658,Smart Secure 6,AE TEXAS,ONCOR,FIXED,6,12.7,12.3,12.1,0.0,,35,False,False,"Experience peace of mind with our Smarter Secure plan, offering a fixed energy rate and transparent TDU charges passed through with NO MARKUP. No hidden fees, minimum usage, or gimmicks.",https://enroll.aetexasco.com/EmailHTML/efl.aspx?RateID=1916&BrandID=1&PromoCodeID=114,https://enroll.aetexasco.com/Enrollment/Default.aspx?&promoCode=AETXPTC1
35665,Bright Nights 18,CHARIOT ENERGY,ONCOR,FIXED,18,14.2,12.8,12.1,0.0,,100,False,True,"Sign-up today and receive regret-free 100% clean renewable energy at prices competitive to traditional power. We’re committed to providing our customers transparency, simplicity and clean energy backed by world class customer experience.• This product requires Autopay & E-bill set up",https://signup.chariotenergy.com//Home/EFl?productId=41664,https://signup.chariotenergy.com//Home/index?ProductCode=RRT18001317&Promo=GqAtunAVIGY=
35623,Straight Forward 3,Abundance Energy,ONCOR,FIXED,3,13.100000000000001,12.2,11.700000000000001,0.0,150.0,25,False,False,Go to Abundance Energy website to see all plans and term lengths.,https://api.quextenergy.onproton.io/enrollment/document?template_bucket=abundance-product-templates&template_file=tx/Straightforward_EFL.docx&rate_id=10060,https://join.abundanceenergy.com/?promoCode=PTC
35640,Champ Saver-16,CHAMPION ENERGY SERVICES LLC,ONCOR,FIXED,16,15.4,15.0,14.799999999999999,0.0,250.0,26,False,False,,https://docs.championenergyservices.com/ExternalDocs?planname=PN2398&state=TX&language=ES,https://www.championenergyservices.com/Residential/Sign-Up?promo=powertochoose
35616,Daisy 4,BKV Energy,ONCOR,FIXED,4,12.4,12.0,11.799999999999999,0.0,,29,False,False,"Simple and affordable fixed-rate electricity with no hidden fees like base charges, usage fees, setup fees, or bundle fees. Plus, no gimmicks or confusing fine print. This plan is for new customers only who enroll through the Power To Choose website. Sign up today!",https://enroll.bkvenergy.com/Home/EFL?productCode=RN00085568&promo=&term=4,https://enroll.bkvenergy.com/?promo=PTCALL0001
35588,Digital Choice 8,RHYTHM,ONCOR,FIXED,8,14.7,14.7,14.799999999999999,0.0,,100,False,False,"Secure a 100% renewable electricity plan. | Enjoy Fair-for-All Pricing, with No Hidden Fees! | Access local Texas customer care 7 days a week. | Save on your bill with Rhythm Rewards. | Call us at 1-877-649-0441 and sign up today!",https://api.gotrhythm.com/api/pricing/offers/latest-offers-efl/18475/?locale=en,https://gotrhythm.com/?rcid=power-to-choose&utm_source=powertochoose&utm_campaign=oncor&utm_medium=state-shopping&utm_term=DC8
35583,Digital Choice 4,RHYTHM,ONCOR,FIXED,4,11.0,11.0,11.1,0.0,,100,False,False,"Secure a 100% renewable electricity plan. | Enjoy Fair-for-All Pricing, with No Hidden Fees! | Access local Texas customer care 7 days a week. | Save on your bill with Rhythm Rewards. | Call us at 1-877-649-0441 and sign up today!",https://api.gotrhythm.com/api/pricing/offers/latest-offers-efl/19550/?locale=en,https://gotrhythm.com/?rcid=power-to-choose&utm_source=powertochoose&utm_campaign=oncor&utm_medium=state-shopping&utm_term=DC4
35577,No Bull 8,Energy Texas,ONCOR,FIXED,8,14.7,14.7,14.799999999999999,0.0,,100,False,False,"Straightforward, no B.S. fixed-rate plans built by Texans, for Texans. | Call us at 1-888-512-0330 and sign up today!",https://api.energytexas.com/api/pricing/offers/latest-offers-efl/18465/?locale=en,https://www.energytexas.com/?rcid=power-to-choose&utm_source=powertochoose&utm_campaign=oncor&utm_medium=state-shopping&utm_term=NB8
35573,No Bull 4,Energy Texas,ONCOR,FIXED,4,11.0,11.0,11.1,0.0,,100,False,False,"Straightforward, no B.S. fixed-rate plans built by Texans, for Texans. | Call us at 1-888-512-0330 and sign up today!",https://api.energytexas.com/api/pricing/offers/latest-offers-efl/19552/?locale=en,https://www.energytexas.com/?rcid=power-to-choose&utm_source=powertochoose&utm_campaign=oncor&utm_medium=state-shopping&utm_term=NB4
35515,True Fixed 36,NEXTVOLT TEXAS LLC,ONCOR,FIXED,36,14.899999999999999,14.499999999999998,14.299999999999999,0.0,149.0,6,False,False,,https://myaccountpage.nextvoltenergy.com/docs/efls/output/20260106_1_TF36-227_ONCOR_NORTH_005.pdf,https://www.nextvoltenergy.com/texas/electricity-plans/?cid=PTC20251002065224&mtm_source=PTC&mtm_medium=Referral
35522,Straight Forward 6,Abundance Energy,ONCOR,FIXED,6,13.100000000000001,12.1,11.700000000000001,0.0,150.0,25,False,False,Go to Abundance Energy website to see all plans and term lengths.,https://api.quextenergy.onproton.io/enrollment/document?template_bucket=abundance-product-templates&template_file=tx/Straightforward_EFL.docx&rate_id=10036,https://join.abundanceenergy.com/?promoCode=PTC
35543,Bright Nights 4,CHARIOT ENERGY,ONCOR,FIXED,4,12.1,10.7,10.0,0.0,,100,False,True,"Sign-up today and receive regret-free 100% clean renewable energy at prices competitive to traditional power. We’re committed to providing our customers transparency, simplicity and clean energy backed by world class customer experience.• This product requires Autopay & E-bill set up.",https://signup.chariotenergy.com//Home/EFl?productId=41658,https://signup.chariotenergy.com//Home/index?ProductCode=RNR04000045&Promo=GqAtunAVIGY=
35513,Stability Fixed 24,NEXTVOLT TEXAS LLC,ONCOR,FIXED,24,14.799999999999999,14.399999999999999,14.099999999999998,0.0,149.0,6,False,False,,https://myaccountpage.nextvoltenergy.com/docs/efls/output/20260106_1_SF24-5_ONCOR_NORTH_005.pdf,https://www.nextvoltenergy.com/texas/electricity-plans/?cid=PTC20251002065224&mtm_source=PTC&mtm_medium=Referral
35310,Clean Energy 12,Abundance Energy,ONCOR,FIXED,12,15.1,14.2,13.700000000000001,0.0,150.0,100,False,False,Go to Abundance Energy website to see all plans and term lengths.,https://api.quextenergy.onproton.io/enrollment/document?template_bucket=abundance-product-templates&template_file=tx/CleanEnergy_EFL.docx&rate_id=9877,https://join.abundanceenergy.com/?promoCode=PTC
35226,OctopusFlex,Octopus Energy,ONCOR,FIXED,12,15.8,15.4,15.1,0.0,150.0,100,False,True,"OctopusFlex es un plan de electricidad 100 % renovable con horario de uso que te recompensa con tarifas más bajas por usar energía fuera de las horas punta (22:00 a 6:00). Ahorrarás aún más en primavera y otoño, cuando la energía es más limpia y económica. Modifica tu consumo, como usar electrodomésticos o cargar tu vehículo eléctrico por la noche, y disfruta de grandes ahorros mientras contribuyes a una red más ecológica.",https://octopusenergy.com/efl?id=373&service-provider=ONCOR&load-zone=LZ_NORTH&lang=es,https://octopusenergy.com/es/affiliate/ptc
35166,SFE RewardsPlus - 12,SFE ENERGY TEXAS INC,ONCOR,FIXED,12,16.400000000000002,15.4,14.899999999999999,0.0,175.0,35,False,False,"Enjoy peace of mind and predictable pricing with the SFE RewardsPlus Plan - a simple, stable electricity plan designed with you in mind. Each month, you’ll receive $50 in reward dollars to spend on local deals, dining, entertainment, online shopping, gift cards, and more*. Plus, after 60 days of continuous service, you can call us and request your 4 free LED bulbs*. It’s a plan that rewards you every step of the way. *Reward dollars and LED bulb offers are subject to terms and conditions.",https://empowerdocs.blob.core.windows.net/efldocuments/_2516351368349897883_EFL_SFE%20Residential%20Fixed%20ONC%2012English.pdf,https://www.sfeenergy.com/texas/
35168,SFE RewardsPlus - 24,SFE ENERGY TEXAS INC,ONCOR,FIXED,24,16.7,15.7,15.2,0.0,175.0,35,False,False,"Enjoy peace of mind and predictable pricing with the SFE RewardsPlus Plan - a simple, stable electricity plan designed with you in mind. Each month, you’ll receive $50 in reward dollars to spend on local deals, dining, entertainment, online shopping, gift cards, and more*. Plus, after 60 days of continuous service, you can call us and request your 4 free LED bulbs*. It’s a plan that rewards you every step of the way. *Reward dollars and LED bulb offers are subject to terms and conditions.",https://empowerdocs.blob.core.windows.net/efldocuments/_2516351368423730265_EFL_SFE%20Residential%20Fixed%20ONC%2024English.pdf,https://www.sfeenergy.com/texas/
35169,SFE RewardsPlus - 36,SFE ENERGY TEXAS INC,ONCOR,FIXED,36,16.7,15.7,15.2,0.0,175.0,35,False,False,"Enjoy peace of mind and predictable pricing with the SFE RewardsPlus Plan - a simple, stable electricity plan designed with you in mind. Each month, you’ll receive $50 in reward dollars to spend on local deals, dining, entertainment, online shopping, gift cards, and more*. Plus, after 60 days of continuous service, you can call us and request your 4 free LED bulbs*. It’s a plan that rewards you every step of the way. *Reward dollars and LED bulb offers are subject to terms and conditions.",https://empowerdocs.blob.core.windows.net/efldocuments/_2516351368382797608_EFL_SFE%20Residential%20Fixed%20ONC%2036English.pdf,https://www.sfeenergy.com/texas/
35279,Rhythm Saver 12,RHYTHM,ONCOR,FIXED,12,19.6,9.6,14.7,0.0,,100,False,False,"Secure a 100% renewable electricity plan. | Enjoy Fair-for-All Pricing, with No Hidden Fees! | Access local Texas customer care 7 days a week. | Save on your bill with Rhythm Rewards. | Call us at 1-877-649-0441 and sign up today!",https://api.gotrhythm.com/api/pricing/offers/latest-offers-efl/16807/?locale=en,https://gotrhythm.com/?rcid=power-to-choose&utm_source=powertochoose&utm_campaign=oncor&utm_medium=state-shopping&utm_term=RS12
35289,The Lone Saver 12,Energy Texas,ONCOR,FIXED,12,19.6,9.6,14.7,0.0,,100,False,False,"Straightforward, no B.S. fixed-rate plans built by Texans, for Texans. | Call us at 1-888-512-0330 and sign up today!",https://api.gotrhythm.com/api/pricing/offers/latest-offers-efl/16998/?locale=en,https://www.energytexas.com/?rcid=power-to-choose&utm_source=powertochoose&utm_campaign=oncor&utm_medium=state-shopping&utm_term=LS12
35094,Branch Fixed 12,BRANCH ENERGY (TEXAS) LLC,ONCOR,FIXED,12,15.8,15.4,15.2,0.0,120.0,100,False,False,"Heads up, this is a special rate only available to the savvy shoppers on Power to Choose. To guarantee you receive this rate, please click through to our website using the Sign Up button. At Branch Energy our mission is to make the right thing and the easy thing, the same thing. That means that Branch is a great choice for your wallet and for the planet. Enjoy a low, fixed rate on energy that comes from 100% renewable sources and customer service that *actually* cares. Oh, and we plant a tree on your behalf for every month that you’re a Branch customer so you can brag to your friends about how you’re reforesting Texas one tree at a time.",https://assets.oak.phloem.io/docs/41069893-4b81-46a5-b944-6ac9d31ab45d/html,https://signup.branchenergy.com/?utm_source=ptc
35100,Giddy Up 36,IRONHORSE POWER SERVICES LLC,ONCOR,FIXED,36,16.0,15.6,15.299999999999999,0.0,0.0,6,False,False,,https://ironhorse-storage.s3.us-west-2.amazonaws.com/public/efl/ONC-36-PC-0-100250.pdf,https://signup.ironhorsepowerservices.com/ironhorse-ptc/ONC-36-PC-0-100250
34994,Reliable Fixed 12,NEXTVOLT TEXAS LLC,ONCOR,FIXED,12,14.2,13.8,13.600000000000001,0.0,149.0,6,False,False,,https://myaccountpage.nextvoltenergy.com/docs/efls/output/20251218_1_RF12-141_ONCOR_NORTH_005.pdf,https://www.nextvoltenergy.com/texas/electricity-plans/?cid=PTC20251002065224&mtm_source=PTC&mtm_medium=Referral
35088,No Gimmicks Green 12,Budget Power,ONCOR,FIXED,12,13.5,13.0,12.8,0.0,175.0,100,False,False,Promo Code PTC,https://signup.budgetpowertx.com/Home/EFL?productId=33616&Promo=,https://signup.budgetpowertx.com/Home/index?ProductCode=RN12000484&Promo=PTC
35061,Digital Choice 12,RHYTHM,ONCOR,FIXED,12,14.000000000000002,14.000000000000002,14.099999999999998,0.0,,100,False,False,"Secure a 100% renewable electricity plan. | Enjoy Fair-for-All Pricing, with No Hidden Fees! | Access local Texas customer care 7 days a week. | Save on your bill with Rhythm Rewards. | Call us at 1-877-649-0441 and sign up today!",https://api.gotrhythm.com/api/pricing/offers/latest-offers-efl/16245/?locale=en,https://gotrhythm.com/?rcid=power-to-choose&utm_source=powertochoose&utm_campaign=oncor&utm_medium=state-shopping&utm_term=DC12
34904,No Bull 12,Energy Texas,ONCOR,FIXED,12,14.000000000000002,14.000000000000002,14.099999999999998,0.0,,100,False,False,"Straightforward, no B.S. fixed-rate plans built by Texans, for Texans. | Call us at 1-888-512-0330 and sign up today!",https://api.energytexas.com/api/pricing/offers/latest-offers-efl/12711/?locale=en,https://www.energytexas.com/?rcid=power-to-choose&utm_source=powertochoose&utm_campaign=oncor&utm_medium=state-shopping&utm_term=NB12
34924,No Bull 36,Energy Texas,ONCOR,FIXED,36,14.899999999999999,14.899999999999999,15.0,0.0,,100,False,False,"Straightforward, no B.S. fixed-rate plans built by Texans, for Texans. | Call us at 1-888-512-0330 and sign up today!",https://api.energytexas.com/api/pricing/offers/latest-offers-efl/12899/?locale=en,https://www.energytexas.com/?rcid=power-to-choose&utm_source=powertochoose&utm_campaign=oncor&utm_medium=state-shopping&utm_term=NB36
34864,Discount Nights 24,Discount Power,ONCOR,FIXED,24,17.2,16.8,16.5,0.0,295.0,24,False,True,Facturacion electronica y pago automatico con targeta de credito / targeta de debito o cuenta bancaria. Esta oferta es solo para nuevos clientes que se inscriban a traves de Power to Choose o utilizando el codigo de promocion especial; Codigo de promocion necesario: WQ4131.,https://www.discountpowertx.com/defl/M1F00181328211A.pdf,https://shop.discountpowertx.com/offer-selection/?txtPromocode=WQ4131&tdspCode=D0002&fromLP=ptc&sid=APTC_1686090020&utm_campaign=Power+To+Choose+Listings&utm_medium=PTC_&utm_source=None
34804,Daisy 18,BKV Energy,ONCOR,FIXED,18,13.4,12.9,12.7,0.0,,29,False,False,Esta oferta es exclusiva para nuevos clientes que se inscriban a través del sitio web Power to Choose.,https://enroll.bkvenergy.com/Home/EFL?productCode=RN00027072&promo=&term=18&ver=spanish,https://enroll.bkvenergy.com/?promo=PTCALL0001
34695,Confident Renter 12,Abundance Energy,ONCOR,FIXED,12,14.000000000000002,13.600000000000001,13.4,0.0,150.0,25,False,False,Go to Abundance Energy website to see all plans and term lengths.,https://api.quextenergy.onproton.io/enrollment/document?template_bucket=abundance-product-templates&template_file=tx/ConfidentRenter_EFL.docx&rate_id=9883,https://join.abundanceenergy.com/?promoCode=PTC
34747,Bright Nights 36,CHARIOT ENERGY,ONCOR,FIXED,36,15.0,13.600000000000001,12.9,0.0,,100,False,True,"Sign-up today and receive regret-free 100% clean renewable energy at prices competitive to traditional power. We’re committed to providing our customers transparency, simplicity and clean energy backed by world class customer experience.• This product requires Autopay & E-bill set up.",https://signup.chariotenergy.com//Home/EFl?productId=41641,https://signup.chariotenergy.com//Home/index?ProductCode=RNR36002715&Promo=GqAtunAVIGY=
34706,Think Clean 12 with Smart Thermostat Connected,Think Energy,ONCOR,FIXED,12,13.900000000000002,14.000000000000002,14.099999999999998,0.0,200.0,100,False,False,"Connected Thermostat Required, see EFL and Terms of Service for Details",https://docs.cloud.thinkenergy.com/EFL/?term=12&duns=1039940674000&product=tx.thinkclean.noap.fixed.thermostat&lang=en,https://www.thinkenergy.com/?utm_source=rateboard&utm_medium=referral&utm_campaign=texas
34737,Bright Nights 24,CHARIOT ENERGY,ONCOR,FIXED,24,15.0,13.5,12.8,0.0,,100,False,True,"Sign-up today and receive regret-free 100% clean renewable energy at prices competitive to traditional power. We’re committed to providing our customers transparency, simplicity and clean energy backed by world class customer experience.• This product requires Autopay & E-bill set up.",https://signup.chariotenergy.com//Home/EFl?productId=41601,https://signup.chariotenergy.com//Home/index?ProductCode=RNR24001666&Promo=GqAtunAVIGY=
34727,Bright Nights 12,CHARIOT ENERGY,ONCOR,FIXED,12,14.2,12.8,12.1,0.0,,100,False,True,"Sign-up today and receive regret-free 100% clean renewable energy at prices competitive to traditional power. We’re committed to providing our customers transparency, simplicity and clean energy backed by world class customer experience.• This product requires Autopay & E-bill set up.",https://signup.chariotenergy.com//Home/EFl?productId=41662,https://signup.chariotenergy.com//Home/index?ProductCode=RNR12002706&Promo=GqAtunAVIGY=
34692,Daisy 13,BKV Energy,ONCOR,FIXED,13,14.499999999999998,14.099999999999998,13.900000000000002,0.0,,29,False,False,Esta oferta es exclusiva para nuevos clientes que se inscriban a través del sitio web Power to Choose.,https://enroll.bkvenergy.com/Home/EFL?productCode=RN00013531&term=13&ver=spanish,https://enroll.bkvenergy.com/?promo=PTCALL0001
34643,Smart Secure 36,AE TEXAS,ONCOR,FIXED,36,14.899999999999999,14.499999999999998,14.299999999999999,0.0,,35,False,False,"Experimente la tranquilidad con nuestro plan Smarter Secure, que ofrece una tarifa de energía fija y cargos TDU transparentes sin margen de beneficio. Sin tarifas ocultas, uso mínimo ni trucos.",https://enroll.aetexasco.com/EmailHTML/efl_SPA.aspx?RateID=1942&BrandID=1&PromoCodeID=114,https://enroll.aetexasco.com/Enrollment/Default.aspx?&promoCode=AETXPTC1
34491,Think Clean 36,Think Energy,ONCOR,FIXED,36,16.8,15.9,15.4,0.0,200.0,100,False,False,New Customers Only. Autopay is Required.,https://docs.cloud.thinkenergy.com/EFL/?term=36&duns=1039940674000&product=tx.thinkclean.ap.fixed&lang=en,https://www.thinkenergy.com/?utm_source=rateboard&utm_medium=referral&utm_campaign=texas
34475,Think Clean 12,Think Energy,ONCOR,FIXED,12,15.9,15.0,14.6,0.0,200.0,100,False,False,New Customers Only,https://docs.cloud.thinkenergy.com/EFL/?term=12&duns=1039940674000&product=tx.thinkclean.noap.fixed&lang=en,https://www.thinkenergy.com/?utm_source=rateboard&utm_medium=referral&utm_campaign=texas
34448,Think Simple 5,Think Energy,ONCOR,FIXED,5,13.700000000000001,12.8,12.3,0.0,200.0,25,False,False,Solo para nuevos clientes.,https://api.thinkenergy.onproton.io/enrollment/get_latest_document?lang=es&product_code=tx.thinksimple.noap.fixed&tdsp_id=3&doc_type=EFL&term=5&promo_code=default,https://www.thinkenergy.com/?utm_source=rateboard&utm_medium=referral&utm_campaign=texas
34469,Simple Savings 28,TRIEAGLE ENERGY LP,ONCOR,FIXED,28,15.7,15.2,14.899999999999999,0.0,,3,False,False,"Our rates are transparent. No hidden fees or minimum usage penalties. TDU delivery charges are built into the rates at no markup, so there’s no guessing about what you pay.",https://shopping.trieagleenergy.com/PDFGenerator?formType=EnergyFactsLabel&comProdId=ONXTESMSAVC28AA&tdsp=ONCOR&lang=en&custClass=Residential,https://www.trieagleenergy.com/PTC
34396,No Gimmicks 18,Budget Power,ONCOR,FIXED,18,13.3,12.8,12.6,0.0,125.0,35,False,False,,https://signup.budgetpowertx.com/Home/EFL?productId=33617&Promo=,https://signup.budgetpowertx.com/Home/index?ProductCode=RN18000002&Promo=PTC
34397,No Gimmicks 36,Budget Power,ONCOR,FIXED,36,14.399999999999999,13.900000000000002,13.700000000000001,0.0,250.0,35,False,False,Promo Code PTC,https://signup.budgetpowertx.com/Home/EFL?productId=33603&Promo=,https://signup.budgetpowertx.com/Home/index?ProductCode=RN36000004&Promo=PTC
34398,No Gimmicks 24,Budget Power,ONCOR,FIXED,24,14.299999999999999,13.8,13.600000000000001,0.0,175.0,35,False,False,Promo Code PTC,https://signup.budgetpowertx.com/Home/EFL?productId=33602&Promo=,https://signup.budgetpowertx.com/Home/index?ProductCode=RN24000004&Promo=PTC
34399,No Gimmicks 12,Budget Power,ONCOR,FIXED,12,13.4,12.9,12.7,0.0,100.0,35,False,False,Promo Code PTC,https://signup.budgetpowertx.com/Home/EFL?productId=33615&Promo=,https://signup.budgetpowertx.com/Home/index?ProductCode=RN12000005&Promo=PTC
34344,Essential Infusion 36,INFUSE ENERGY,ONCOR,FIXED,36,15.0,14.399999999999999,14.099999999999998,0.0,375.0,26,False,False,"Affordable, hassle-free energy from Infuse Energy, the company that has your back. Offer only available for new Infuse Energy customers. This plan is not eligible to be used in conjunction with any referral or promotional codes.",https://88fd201f32c53c2bd0fb-11ba98ed637230a2314ec7c228a44bda.ssl.cf5.rackcdn.com/202601/EFL-20260107-144900-ONCORD-Essential Infusion 36 (Spanish).pdf,https://www.infuseenergy.com/signup/signup-step1/?id=1623011&promotion=NONE&valid=N&referral=&landingpage=ptc
34026,Essential Infusion 24,INFUSE ENERGY,ONCOR,FIXED,24,14.799999999999999,14.099999999999998,13.8,0.0,300.0,26,False,False,"Affordable, hassle-free energy from Infuse Energy, the company that has your back. Offer only available for new Infuse Energy customers. This plan is not eligible to be used in conjunction with any referral or promotional codes.",https://88fd201f32c53c2bd0fb-11ba98ed637230a2314ec7c228a44bda.ssl.cf5.rackcdn.com/202601/EFL-20260107-144900-ONCORD-Essential Infusion 24 (English).pdf,https://www.infuseenergy.com/signup/signup-step1/?id=1623006&promotion=NONE&valid=N&referral=&landingpage=ptc
34224,Essential Infusion 12,INFUSE ENERGY,ONCOR,FIXED,12,14.299999999999999,13.700000000000001,13.4,0.0,200.0,26,False,False,"Affordable, hassle-free energy from Infuse Energy, the company that has your back. Offer only available for new Infuse Energy customers. This plan is not eligible to be used in conjunction with any referral or promotional codes.",https://88fd201f32c53c2bd0fb-11ba98ed637230a2314ec7c228a44bda.ssl.cf5.rackcdn.com/202601/EFL-20260107-144900-ONCORD-Essential Infusion 12 (Spanish).pdf,https://www.infuseenergy.com/signup/signup-step1/?id=1622991&promotion=NONE&valid=N&referral=&landingpage=ptc
34144,Essential Infusion 6,INFUSE ENERGY,ONCOR,FIXED,6,12.5,11.799999999999999,11.5,0.0,150.0,26,False,False,"Affordable, hassle-free energy from Infuse Energy, the company that has your back. Offer only available for new Infuse Energy customers. This plan is not eligible to be used in conjunction with any referral or promotional codes.",https://88fd201f32c53c2bd0fb-11ba98ed637230a2314ec7c228a44bda.ssl.cf5.rackcdn.com/202601/EFL-20260107-144900-ONCORD-Essential Infusion 6 (Spanish).pdf,https://www.infuseenergy.com/signup/signup-step1/?id=1623021&promotion=NONE&valid=N&referral=&landingpage=ptc
34067,Essential Infusion 3,INFUSE ENERGY,ONCOR,FIXED,3,11.600000000000001,11.0,10.7,0.0,100.0,26,False,False,"Affordable, hassle-free energy from Infuse Energy, the company that has your back. Offer only available for new Infuse Energy customers. This plan is not eligible to be used in conjunction with any referral or promotional codes.",https://88fd201f32c53c2bd0fb-11ba98ed637230a2314ec7c228a44bda.ssl.cf5.rackcdn.com/202601/EFL-20260107-144900-ONCORD-Essential Infusion 3 (Spanish).pdf,https://www.infuseenergy.com/signup/signup-step1/?id=1623016&promotion=NONE&valid=N&referral=&landingpage=ptc
33745,Value Edge 12,TXU ENERGY,ONCOR,FIXED,12,20.3,13.900000000000002,18.7,0.0,150.0,3,False,False,"El precio real promedio por kWh para el servicio de electricidad dependerá de su consumo. La única circunstancia en la que el precio podría cambiar durante el plazo mínimo de 12 meses sería para reflejar cambios reales en las leyes o cargos reglamentarios, como se describen en la EFL.",https://residential.txu.com/Handlers/PDFGenerator.ashx?comProdId=ONX50VALED12AD&lang=es&formType=EnergyFactsLabel&custClass=3&tdsp=ONCOR,https://www.txu.com/ptc/valueedge12
33746,Simple Value 12,TXU ENERGY,ONCOR,FIXED,12,17.599999999999998,16.2,15.5,0.0,150.0,3,False,False,"El precio real promedio por kWh para el servicio de electricidad dependerá de su consumo. La única circunstancia en la que el precio podría cambiar durante el plazo mínimo de 12 meses sería para reflejar cambios reales en las leyes o cargos reglamentarios, como se describen en la EFL.",https://residential.txu.com/Handlers/PDFGenerator.ashx?comProdId=ONXSIMVL1212BK&lang=es&formType=EnergyFactsLabel&custClass=3&tdsp=ONCOR,https://www.txu.com/ptc/simplevalue12
33631,TrueClassic 6,AP GAS & ELECTRIC (TX) LLC,ONCOR,FIXED,6,12.3,11.899999999999999,11.700000000000001,0.0,150.0,6,False,False,Lock in a fixed rate plan that gives you price security for the next 6 months. Flexible. Affordable. Energy. That's APG&E!,https://artemis-api.apge.com/api/v1/document?documentId=73&offerCode=SRBTX_ONC_NA_NA_RES_FPR_SD0_T6_NEW,https://www.apge.com/enroll#/offer?offerCode=SRBTX_ONC_NA_NA_RES_FPR_SD0_T6_NEW&deploymentName=TX%20State%20Rate%20Board
33497,36 Month A/C Protect Plus for 2 Units,CONSTELLATION NEWENERGY INC,ONCOR,FIXED,36,21.3,17.299999999999997,18.099999999999998,0.0,150.0,26,False,False,,https://www.constellation.com/bin/residential/GetContractVersionPDF?versionNum=4906289,https://www.constellation.com/content/constellation/en/campaigns/powertochoose.html?UTM_source=powertochoose.org&UTM_medium=referral
33606,Basics PTC - 24,JUST ENERGY,ONCOR,FIXED,24,16.3,15.9,15.7,0.0,175.0,31,False,False,"Ask for our PTC rates. Lock in your energy rate with no Base Charges, no Minimum Use fees or Payment fees! Transmission and distribution charges passed through at cost. Please refer to the Electricity Facts Label for additional details. Call our Customer Hotline at (866) 327-0821 to sign up today!",https://webs.justenergydeals.com/Generate_Docs/Generate_EflLinks.aspx?RID=Vy73faZEbCI=&RCID=gNASPlhlupI=&L=6f+Ch9flI7k=,https://justenergy.com/affiliatepartner/ptc/?utm_source=powertochoose&utm_medium=referral&utm_campaign=LT
33453,TrueClassic 36,AP GAS & ELECTRIC (TX) LLC,ONCOR,FIXED,36,14.799999999999999,14.399999999999999,14.2,0.0,350.0,6,False,False,Lock in a straightforward fixed rate plan that gives you price security for the next 36 months. Flexible. Affordable. Energy. That's APG&E!,https://artemis-api.apge.com/api/v1/document?documentId=73&offerCode=SRBTX_ONC_NA_NA_RES_FPR_SD0_T36_NEW,https://www.apge.com/enroll#/offer?offerCode=SRBTX_ONC_NA_NA_RES_FPR_SD0_T36_NEW&deploymentName=TX%20State%20Rate%20Board
33352,TrueClassic 24,AP GAS & ELECTRIC (TX) LLC,ONCOR,FIXED,24,14.399999999999999,14.000000000000002,13.8,0.0,250.0,6,False,False,Lock in a straightforward fixed rate plan that gives you price security for the next 24 months. Flexible. Affordable. Energy. That's APG&E!,https://artemis-api.apge.com/api/v1/document?documentId=73&offerCode=SRBTX_ONC_NA_NA_RES_FPR_SD0_T24_NEW,https://www.apge.com/enroll#/offer?offerCode=SRBTX_ONC_NA_NA_RES_FPR_SD0_T24_NEW&deploymentName=TX%20State%20Rate%20Board
33364,TrueClassic 3,AP GAS & ELECTRIC (TX) LLC,ONCOR,FIXED,3,11.899999999999999,11.5,11.3,0.0,150.0,6,False,False,Lock in a straightforward fixed rate plan that gives you price security for the next 3 months. Flexible. Affordable. Energy. That's APG&E!,https://artemis-api.apge.com/api/v1/document?documentId=73&offerCode=SRBTX_ONC_NA_NA_RES_FPR_SD0_T3_NEW,https://www.apge.com/enroll#/offer?offerCode=SRBTX_ONC_NA_NA_RES_FPR_SD0_T3_NEW&deploymentName=TX%20State%20Rate%20Board
33210,TrueClassic 12,AP GAS & ELECTRIC (TX) LLC,ONCOR,FIXED,12,14.399999999999999,14.000000000000002,13.8,0.0,200.0,6,False,False,Lock in a straightforward fixed rate plan that gives you price security for the next 12 months. Flexible. Affordable. Energy. That's APG&E!,https://artemis-api.apge.com/api/v1/document?documentId=73&offerCode=TXSRB12_ONC_NA_NA_RES_FPR_SD0_T12_NEW,https://www.apge.com/enroll#/offer?offerCode=TXSRB12_ONC_NA_NA_RES_FPR_SD0_T12_NEW&deploymentName=TX%20State%20Rate%20Board
31984,Basics PTC - 24,TARA ENERGY,ONCOR,FIXED,24,16.3,15.9,15.7,0.0,175.0,31,False,False,"Ask for our PTC rates. Lock in your energy rate with no Base Charges, no Minimum Use fees or Payment fees! Transmission and distribution charges passed through at cost. Please refer to the Electricity Facts Label for additional details. Call our Customer Hotline at (866) 327-0880 to sign up today!",https://webs.taraenergy.com/Generate_Docs/Generate_EflLinks.aspx?RID=jbDVWLK5VfU=&RCID=cacW2cvK/I0=&L=jfm4E/YMcQk=,https://taraenergy.com/ptc/?utm_source=powertochoose&utm_medium=referral&utm_campaign=LT
31972,Basics PTC - 24,AMIGO ENERGY,ONCOR,FIXED,24,16.3,15.9,15.7,0.0,175.0,31,False,False,"Ask for our PTC rates. Lock in your energy rate with no Base Charges, no Minimum Use fees or Payment fees! Transmission and distribution charges passed through at cost. Please refer to the Electricity Facts Label for additional details. Call our Customer Hotline at (866) 327-0839 to sign up today!",https://webs.amigoenergy.com/Generate_Docs/Generate_EflLinks.aspx?RID=X+DerimDMy8=&RCID=rv5fvOkFHh4=&L=jfm4E/YMcQk=,https://amigoenergy.com/lp/ptc/?utm_source=powertochoose&utm_medium=referral&utm_campaign=LT
31929,Straight Forward 12,Abundance Energy,ONCOR,FIXED,12,14.6,13.700000000000001,13.200000000000001,0.0,150.0,25,False,False,Go to Abundance Energy website to see all plans and term lengths.,https://api.quextenergy.onproton.io/enrollment/document?template_bucket=abundance-product-templates&template_file=tx/Straightforward_EFL.docx&rate_id=9890,https://join.abundanceenergy.com/?promoCode=PTC
31942,True Value 24,TRUE POWER,ONCOR,FIXED,24,14.299999999999999,13.8,13.600000000000001,0.0,300.0,15,False,False,,https://truepowerefl.com/eflportal/efl/view/ONCOR/731,https://truepower.com/partner/ptc/
31955,Basics PTC - 60,JUST ENERGY,ONCOR,FIXED,60,16.3,15.9,15.7,0.0,175.0,31,False,False,"Ask for our PTC rates. Lock in your energy rate with no Base Charges, no Minimum Use fees or Payment fees! Transmission and distribution charges passed through at cost. Please refer to the Electricity Facts Label for additional details. Call our Customer Hotline at (866) 327-0821 to sign up today!",https://webs.justenergydeals.com/Generate_Docs/Generate_EflLinks.aspx?RID=1pgisBt1Zfg=&RCID=gNASPlhlupI=&L=6f+Ch9flI7k=,https://justenergy.com/affiliatepartner/ptc/?utm_source=powertochoose&utm_medium=referral&utm_campaign=LT
31714,Gexa Eco Choice Plus 6,GEXA ENERGY,ONCOR,FIXED,6,12.2,11.3,10.9,0.0,150.0,100,False,False,Lock in a great fixed rate plan. |Free online bill pay and automatic billing options are also available. |This offer is for customers who enroll through the Power to Choose website.,https://eflviewer.gexaenergy.com/eflviewer.aspx?lang=EN&prodcode=GXAECOCHIPLS6&tdspcode=ONCOR_ELEC,https://newenroll.gexaenergy.com/?refid=PTC_EcoChoicePls06&ul=1000&tdsp=ONCOR_ELEC
31511,Simple Green 36,TRIEAGLE ENERGY LP,ONCOR,FIXED,36,17.7,17.2,16.900000000000002,0.0,,100,False,False,"Por favor, lea atentamente los terminos y condiciones. No tenemos un minimo mensual, ni cargos extras de medidores AMS, y sin trucos o trampas.",https://shopping.trieagleenergy.com/PDFGenerator?formType=EnergyFactsLabel&comProdId=ONXTESMGRNC36AA&tdsp=ONCOR&lang=es&custClass=Residential,https://www.trieagleenergy.com/PTC
31499,Simple Savings 12,TRIEAGLE ENERGY LP,ONCOR,FIXED,12,16.3,15.8,15.5,0.0,,3,False,False,"Por favor, lea atentamente los terminos y condiciones. No tenemos un minimo mensual, ni cargos extras de medidores AMS, y sin trucos o trampas.",https://shopping.trieagleenergy.com/PDFGenerator?formType=EnergyFactsLabel&comProdId=ONXTESMSAVC12AA&tdsp=ONCOR&lang=es&custClass=Residential,https://www.trieagleenergy.com/PTC
31486,Simple Savings 36,TRIEAGLE ENERGY LP,ONCOR,FIXED,36,16.7,16.2,15.9,0.0,,3,False,False,"Por favor, lea atentamente los terminos y condiciones. No tenemos un minimo mensual, ni cargos extras de medidores AMS, y sin trucos o trampas.",https://shopping.trieagleenergy.com/PDFGenerator?formType=EnergyFactsLabel&comProdId=ONXTESMSAVC36AA&tdsp=ONCOR&lang=es&custClass=Residential,https://www.trieagleenergy.com/PTC
30907,Giddy Up 18,IRONHORSE POWER SERVICES LLC,ONCOR,FIXED,18,14.899999999999999,14.499999999999998,14.2,0.0,250.0,6,False,False,,https://ironhorse-storage.s3.us-west-2.amazonaws.com/public/efl/ONC-18-PC-0-100250.pdf,https://signup.ironhorsepowerservices.com/ironhorse-ptc/ONC-18-PC-0-100250
31355,Octo Green 12,Octopus Energy,ONCOR,FIXED,12,13.600000000000001,13.100000000000001,12.9,0.0,150.0,100,False,False,"An energy plan that combines technology and green energy! Sign up and connect your qualifying smart device (thermostat or electric vehicle (EV)) to our Intelligent Octopus feature through our App for a lower Octopus Energy Charge. If no qualifying smart device is connected then the default Octopus Energy Charge shall apply. Please review to the Electricity Facts Label for additional details. More information on Intelligent Octopus terms and conditions can be found at https://assets.octopusenergy.com/x/e71b875d6d/intelligent-octopus-en.pdf. Interested in qualifying for the discounted rate, call one of our Energy Specials at (833) 628-6888! Qualifying smart thermostats include: Amazon, Honeywell, ecobee and Sensi. Qualifying EVs include: BMW, Tesla, Audi, Mini Cooper, Volkswagen, Porsche, Ford, and Jaguar. This offer is for new customers only who enroll through the Power to Choose website.",https://octopusenergy.com/efl?id=340&service-provider=ONCOR&load-zone=LZ_NORTH&lang=en,http://octopusenergy.com/affiliate/ptc?redirect=join%2Fenrollment%2Fquote
30802,Stars and Stripes 36,REVOLUTION ENERGY LLC,ONCOR,FIXED,36,15.2,14.399999999999999,14.000000000000002,0.0,375.0,26,False,False,"Affordable, hassle-free energy from Revolution Energy, the company that has your back. Offer only available for new Revolution Energy customers. This plan is not eligible to be used in conjunction with any referral or promotional codes.",https://e966f83b313c3b45ede3-64a631b37f7b69cdf842d11bca52af9c.ssl.cf5.rackcdn.com//202601/EFL-20260107-155000-ONCORD-Stars and Stripes 36 (Spanish).pdf,https://www.joinarevolution.com/signup/signup-step1/?id=329233&promotion=NONE&valid=N&referral=&landingpage=ptc
30762,Stars and Stripes 24,REVOLUTION ENERGY LLC,ONCOR,FIXED,24,15.0,14.099999999999998,13.700000000000001,0.0,300.0,26,False,False,"Affordable, hassle-free energy from Revolution Energy, the company that has your back. Offer only available for new Revolution Energy customers. This plan is not eligible to be used in conjunction with any referral or promotional codes.",https://e966f83b313c3b45ede3-64a631b37f7b69cdf842d11bca52af9c.ssl.cf5.rackcdn.com//202601/EFL-20260107-155000-ONCORD-Stars and Stripes 24 (Spanish).pdf,https://www.joinarevolution.com/signup/signup-step1/?id=329228&promotion=NONE&valid=N&referral=&landingpage=ptc
30722,Stars and Stripes 18,REVOLUTION ENERGY LLC,ONCOR,FIXED,18,14.499999999999998,13.700000000000001,13.3,0.0,250.0,26,False,False,"Affordable, hassle-free energy from Revolution Energy, the company that has your back. Offer only available for new Revolution Energy customers. This plan is not eligible to be used in conjunction with any referral or promotional codes.",https://e966f83b313c3b45ede3-64a631b37f7b69cdf842d11bca52af9c.ssl.cf5.rackcdn.com//202601/EFL-20260107-155000-ONCORD-Stars and Stripes 18 (Spanish).pdf,https://www.joinarevolution.com/signup/signup-step1/?id=329218&promotion=NONE&valid=N&referral=&landingpage=ptc
30682,Stars and Stripes 12,REVOLUTION ENERGY LLC,ONCOR,FIXED,12,14.499999999999998,13.700000000000001,13.3,0.0,200.0,26,False,False,"Affordable, hassle-free energy from Revolution Energy, the company that has your back. Offer only available for new Revolution Energy customers. This plan is not eligible to be used in conjunction with any referral or promotional codes.",https://e966f83b313c3b45ede3-64a631b37f7b69cdf842d11bca52af9c.ssl.cf5.rackcdn.com//202601/EFL-20260107-155000-ONCORD-Stars and Stripes 12 (Spanish).pdf,https://www.joinarevolution.com/signup/signup-step1/?id=329213&promotion=NONE&valid=N&referral=&landingpage=ptc
30642,Stars and Stripes 9,REVOLUTION ENERGY LLC,ONCOR,FIXED,9,15.299999999999999,14.499999999999998,14.099999999999998,0.0,175.0,26,False,False,"Affordable, hassle-free energy from Revolution Energy, the company that has your back. Offer only available for new Revolution Energy customers. This plan is not eligible to be used in conjunction with any referral or promotional codes.",https://e966f83b313c3b45ede3-64a631b37f7b69cdf842d11bca52af9c.ssl.cf5.rackcdn.com//202601/EFL-20260107-155000-ONCORD-Stars and Stripes 9 (Spanish).pdf,https://www.joinarevolution.com/signup/signup-step1/?id=329248&promotion=NONE&valid=N&referral=&landingpage=ptc
29516,Sure Value 36,TRIEAGLE ENERGY LP,ONCOR,FIXED,36,18.4,14.899999999999999,16.1,0.0,,3,False,False,"Por favor, lea atentamente los terminos y condiciones. No tenemos un minimo mensual, ni cargos extras de medidores AMS, y sin trucos o trampas.",https://shopping.trieagleenergy.com/PDFGenerator?formType=EnergyFactsLabel&comProdId=ONXTESRVALC36AA&tdsp=ONCOR&lang=es&custClass=Residential,https://www.trieagleenergy.com/PTC
29539,SoFed Mejor Tarifa – 18,SOUTHERN FEDERAL POWER LLC,ONCOR,FIXED,18,14.7,13.700000000000001,13.3,0.0,249.0,6,False,False,Solo para clientes nuevos y recurrentes.,https://bit.ly/49b6RRc,http://southernfederal.com
29439,Daisy 12,BKV Energy,ONCOR,FIXED,12,14.499999999999998,14.000000000000002,13.8,0.0,,29,False,False,"Simple and affordable fixed-rate electricity with no hidden fees like base charges, usage fees, setup fees, or bundle fees. Plus, no gimmicks or confusing fine print. This plan is for new customers only who enroll through the Power To Choose website. Sign up today!",https://enroll.bkvenergy.com/Home/EFL?productCode=RN00001189&promo=&term=12,https://enroll.bkvenergy.com/?promo=PTCALL0001
29388,True Value 28,TRUE POWER,ONCOR,FIXED,28,15.6,15.2,15.0,0.0,300.0,15,False,False,,https://truepowerefl.com/eflportal/efl/view/ONCOR/816,https://truepower.com/partner/ptc/
29354,SoFed Better Rate - 18,SOUTHERN FEDERAL POWER LLC,ONCOR,FIXED,18,14.7,13.700000000000001,13.3,0.0,249.0,6,False,False,,https://bit.ly/4qKBLG0,https://southernfederal.com
29339,SoFed Better Rate - 12,SOUTHERN FEDERAL POWER LLC,ONCOR,FIXED,12,16.3,15.299999999999999,14.899999999999999,0.0,249.0,6,False,False,New and returning customers only.,https://bit.ly/4qGDPyE,http://www.southernfederal.com/
29336,SoFed Mejor Tarifa – 3,SOUTHERN FEDERAL POWER LLC,ONCOR,FIXED,3,11.700000000000001,10.7,10.299999999999999,0.0,249.0,6,False,False,,https://bit.ly/3NAyzhy,
29325,SoFed Mejor Tarifa – 12,SOUTHERN FEDERAL POWER LLC,ONCOR,FIXED,12,16.3,15.299999999999999,14.899999999999999,0.0,249.0,6,False,False,Solo para clientes nuevos y recurrentes.,https://bit.ly/4jqduCu,http://www.southernfederal.com
29322,SoFed Better Rate - 3,SOUTHERN FEDERAL POWER LLC,ONCOR,FIXED,3,11.700000000000001,10.7,10.299999999999999,0.0,249.0,6,False,False,,https://bit.ly/3Nljd0p,
29307,SoFed Mejor Tarifa – 36,SOUTHERN FEDERAL POWER LLC,ONCOR,FIXED,36,15.5,14.499999999999998,14.099999999999998,0.0,249.0,6,False,False,,https://bit.ly/4jtTRJD,http://www.southernfederal.com
29302,SoFed Better Rate - 36,SOUTHERN FEDERAL POWER LLC,ONCOR,FIXED,36,15.5,14.499999999999998,14.099999999999998,0.0,249.0,6,False,False,,https://bit.ly/4jCJraY,http://southernfederal.com
29297,SoFed Mejor Tarifa – 6,SOUTHERN FEDERAL POWER LLC,ONCOR,FIXED,6,13.3,12.3,11.899999999999999,0.0,249.0,6,False,False,,https://bit.ly/4jDV7dp,http://www.southernfederal.com
29295,SoFed Better Rate - 6,SOUTHERN FEDERAL POWER LLC,ONCOR,FIXED,6,13.3,12.3,11.899999999999999,0.0,249.0,6,False,False,,https://bit.ly/4jp2XY8,http://southernfederal.com
29282,Smart & Fixed - 36,Ranchero Power,ONCOR,FIXED,36,15.6,14.6,14.2,0.0,179.0,6,False,False,,https://bit.ly/49uKFAt,http://Rancheropower.com
29277,Ranchero Smart & Fixed - 6,Ranchero Power,ONCOR,FIXED,6,13.4,12.4,12.0,0.0,179.0,6,False,False,New and returning customers only.,https://bit.ly/4jsFYLT,http://Rancheropower.com
29272,Smart & Fixed - 3,Ranchero Power,ONCOR,FIXED,3,11.799999999999999,10.8,10.4,0.0,179.0,6,False,False,,https://bit.ly/49bTNLf,http://Rancheropower.com
29265,Ranchero Smart & Fixed - 18,Ranchero Power,ONCOR,FIXED,18,14.799999999999999,13.8,13.4,0.0,179.99,6,False,False,,https://bit.ly/49nGIxg,http://Rancheropower.com
29258,Ranchero Fija y Inteligente - 18,Ranchero Power,ONCOR,FIXED,18,14.799999999999999,13.8,13.4,0.0,179.99,6,False,False,,https://bit.ly/49r0WWX,
29251,Tarifa Fija y Inteligente - 6,Ranchero Power,ONCOR,FIXED,6,13.4,12.4,12.0,0.0,179.0,6,False,False,Solo para clientes nuevos y recurrentes.,https://bit.ly/4sv6qbN,http://Rancheropower.com
29244,Tarifa Fija y Inteligente – 3,Ranchero Power,ONCOR,FIXED,3,11.799999999999999,10.8,10.4,0.0,179.0,6,False,False,,https://bit.ly/4swjEVU,http://www.rancheropower.com
29240,Tarifa Fija y Inteligente – 36,Ranchero Power,ONCOR,FIXED,36,15.6,14.6,14.2,0.0,179.0,6,False,False,,https://bit.ly/49ImpMg,http://www.rancheropower.com
29235,Tarifa Fija y Inteligente - 12,Ranchero Power,ONCOR,FIXED,12,16.400000000000002,15.4,15.0,0.0,179.0,6,False,False,Solo para clientes nuevos y recurrentes.,https://bit.ly/4aJ1v0D,http://www.rancheropower.com
29230,Smart & Fixed - 12,Ranchero Power,ONCOR,FIXED,12,16.400000000000002,15.4,15.0,0.0,179.0,6,False,False,New and returning customers only.,https://bit.ly/4bsJCDo,http://Rancheropower.com
29051,Connect & Save 36,OhmConnect Energy,ONCOR,FIXED,36,15.5,15.1,14.899999999999999,0.0,250.0,26,False,False,¡Elige la compañía de energía que le paga! Inscríbase para obtener una tarifa baja y gane recompensas cuando participe en nuestros eventos de ahorro de energía. ¡Automatice y gane más con dispositivos domésticos inteligentes después de registrarse! Mas informes en: tx.ohmconnect.com,https://bit.ly/3L03RxL,https://www.ohmconnect.com/texas/?aid=736101&lsid=2&campaign=ptc&locale=es
29213,Choose 6,SPARK ENERGY LLC,ONCOR,FIXED,6,12.7,12.3,12.1,0.0,100.0,35,False,False,,https://www.sparkenergy.com/products-and-services/?getproductpdf=1&PromotionCode=PTC&ProductID=150856&type=EFL&title=Electricity+Facts+Label&language=english,https://www.sparkenergy.com/products-and-services/?PromotionCode=PTC
28857,Saver 6,Discount Power,ONCOR,FIXED,6,14.499999999999998,14.099999999999998,13.8,0.0,150.0,24,False,False,"Electronic Billing and Auto payment via bank draft, credit card, or debit card available. This offer is for new customers only who enroll through Power to Choose or by using special promo code; Promo Code Required: WQ4135",https://www.discountpowertx.com/defl/M1F00172947532A.pdf,https://shop.discountpowertx.com/offer-selection/?txtPromocode=WQ4131&tdspCode=D0002&fromLP=ptc&sid=APTC_1686090020&utm_campaign=Power+To+Choose+Listings&utm_medium=PTC_&utm_source=None
28765,GoodEnergy 16,GOOD CHARLIE & CO LLC,ONCOR,FIXED,16,15.5,14.899999999999999,14.099999999999998,0.0,,26,False,False,"Incluye acceso ilimitado GRATUITO las 24 horas del día, los 7 días de la semana a veterinarios con licencia y $750 para financiar una factura veterinaria de emergencia. Cubre hasta 5 mascotas. Este plan requiere facturación y comunicación sin papel.",https://api.goodcharlie.com/products/2117/EFL/Oncor/latest/es,https://goodcharlie.me/PTC-GoodEnergy18-ONCOR
28725,Gexa Eco Choice Plus 12,GEXA ENERGY,ONCOR,FIXED,12,14.099999999999998,13.200000000000001,12.8,0.0,150.0,100,False,False,Lock in a great fixed rate plan. |Free online bill pay and automatic billing options are also available. |This offer is for customers who enroll through the Power to Choose website.,https://eflviewer.gexaenergy.com/eflviewer.aspx?lang=EN&prodcode=GXAECOCHIPLS12&tdspcode=ONCOR_ELEC,https://newenroll.gexaenergy.com/?refid=PTC_EcoChoicePls12&ul=1000&tdsp=ONCOR_ELEC
28415,Connect & Save 24,OhmConnect Energy,ONCOR,FIXED,24,15.4,15.0,14.799999999999999,0.0,250.0,26,False,False,¡Elige la compañía de energía que le paga! Inscríbase para obtener una tarifa baja y gane recompensas cuando participe en nuestros eventos de ahorro de energía. ¡Automatice y gane más con dispositivos domésticos inteligentes después de registrarse! Mas informes en: tx.ohmconnect.com,https://bit.ly/49DfPqo,https://www.ohmconnect.com/texas/?aid=736101&lsid=2&campaign=ptc&locale=es
28524,Connect & Save 36 -      Save Energy. Get Paid.,OhmConnect Energy,ONCOR,FIXED,36,15.5,15.1,14.899999999999999,0.0,250.0,26,False,False,Choose the energy company that pays you!Sign up for a low rate and earn rewards when you participate in our energy-saving events. Automate and earn more rewards with smart home devices after you sign up!Learn more at: tx.ohmconnect.com,https://bit.ly/4jqL8bk,https://www.ohmconnect.com/texas/?aid=736101&lsid=2&campaign=ptc&locale=en
28303,GoodEnergy 36,GOOD CHARLIE & CO LLC,ONCOR,FIXED,36,16.2,15.299999999999999,14.799999999999999,0.0,,26,False,False,"Incluye acceso ilimitado GRATUITO las 24 horas del día, los 7 días de la semana a veterinarios con licencia y $750 para financiar una factura veterinaria de emergencia. Cubre hasta 5 mascotas. Este plan requiere facturación y comunicación sin papel.",https://api.goodcharlie.com/products/2048/EFL/Oncor/latest/es,https://goodcharlie.me/PTC-GoodEnergy36-ONCOR
28258,GoodEnergy 24,GOOD CHARLIE & CO LLC,ONCOR,FIXED,24,16.0,15.1,14.6,0.0,,26,False,False,Includes FREE 24/7 unlimited access to licensed veterinarians and $750 to fund an emergency vet bill. Covers up to 5 pets.  Plan requires paperless billing and communication.,https://api.goodcharlie.com/products/2047/EFL/Oncor/latest/en,https://goodcharlie.me/PTC-GoodEnergy24-ONCOR
28274,GoodEnergy 12,GOOD CHARLIE & CO LLC,ONCOR,FIXED,12,15.8,14.899999999999999,14.399999999999999,0.0,,26,False,False,Includes FREE 24/7 unlimited access to licensed veterinarians and $750 to fund an emergency vet bill. Covers up to 5 pets.  Plan requires paperless billing and communication.,https://api.goodcharlie.com/products/2046/EFL/Oncor/latest/en,https://goodcharlie.me/PTC-GoodEnergy12-ONCOR
28213,Frontier Power Saver 12,FRONTIER UTILITIES,ONCOR,FIXED,12,13.5,13.100000000000001,12.9,0.0,150.0,30,False,False,This offer is for new customers only who enroll through the Power to Choose website.,https://eflviewer.frontierutilities.com/eflviewer.aspx?lang=EN&prodcode=FPOWSVR12&tdspcode=ONCOR_ELEC,https://newenroll.frontierutilities.com/?refid=PTCFPS12&ul=1000&tdsp=ONCOR_ELEC
28150,Connect & Save 24 -      Save Energy. Get Paid.,OhmConnect Energy,ONCOR,FIXED,24,15.4,15.0,14.799999999999999,0.0,250.0,26,False,False,Choose the energy company that pays you! Sign up for a low rate and earn rewards when you participate in our energy-saving events. Automate and earn more rewards with smart home devices after you sign up! Learn more at: tx.ohmconnect.com,https://bit.ly/4jjXEJA,https://www.ohmconnect.com/texas/?aid=736101&lsid=2&campaign=ptc&locale=en
28114,Reliant Power On 18,RELIANT,ONCOR,FIXED,18,17.1,16.2,15.7,0.0,180.0,15,False,False,This offer is for new customers only who enroll through Power to Choose,https://www.reliant.com/defl/R1F00180021149A.pdf,http://www.reliant.com/public/startOEProcess.htm?tdspCodeCCS=D0002&fromLP=ptc&txtPromocode=WF3713&sid=A3P_1562314131
27890,Embrace Green 36 - New Customer Special,CleanSky Energy,ONCOR,FIXED,36,14.499999999999998,14.099999999999998,13.900000000000002,0.0,275.0,100,False,False,This plan is for new customers only. Autopay is required. Please enroll through the PowertoChoose sign up link. Have a question about a plan or need help placing an order? Call us: 1-888-733-5557 | Email us: CustomerCare@CleanSkyEnergy.com,https://rates.titangasandpower.com/Frontend/DownloadDoc?path=713d3819-505d-49df-bfd8-be71a9c6d2c7.html&id_plan=555540,https://signup.cleanskyenergy.com/rates?utility_id=113&promocode=PTCHOOSETX
27827,Embrace Green 6 - New Customer Special,CleanSky Energy,ONCOR,FIXED,6,12.3,11.899999999999999,11.700000000000001,0.0,75.0,100,False,False,This plan is for new customers only. Autopay is required. Please enroll through the PowertoChoose sign up link. Have a question about a plan or need help placing an order? Call us: 1-888-733-5557 | Email us: CustomerCare@CleanSkyEnergy.com,https://rates.titangasandpower.com/Frontend/DownloadDoc?path=713d3819-505d-49df-bfd8-be71a9c6d2c7.html&id_plan=555535,https://signup.cleanskyenergy.com/rates?utility_id=113&promocode=PTCHOOSETX
27829,Embrace Green 12 - New Customer Special,CleanSky Energy,ONCOR,FIXED,12,14.099999999999998,13.700000000000001,13.5,0.0,150.0,100,False,False,This plan is for new customers only. Autopay is required. Please enroll through the PowertoChoose sign up link. Have a question about a plan or need help placing an order? Call us: 1-888-733-5557 | Email us: CustomerCare@CleanSkyEnergy.com,https://rates.titangasandpower.com/Frontend/DownloadDoc?path=713d3819-505d-49df-bfd8-be71a9c6d2c7.html&id_plan=555537,https://signup.cleanskyenergy.com/rates?utility_id=113&promocode=PTCHOOSETX
27831,Embrace Green 24 - New Customer Special,CleanSky Energy,ONCOR,FIXED,24,14.499999999999998,14.099999999999998,13.900000000000002,0.0,225.0,100,False,False,This plan is for new customers only. Autopay is required. Please enroll through the PowertoChoose sign up link. Have a question about a plan or need help placing an order? Call us: 1-888-733-5557 | Email us: CustomerCare@CleanSkyEnergy.com,https://rates.titangasandpower.com/Frontend/DownloadDoc?path=713d3819-505d-49df-bfd8-be71a9c6d2c7.html&id_plan=555539,https://signup.cleanskyenergy.com/rates?utility_id=113&promocode=PTCHOOSETX
27585,Giddy Up 24,IRONHORSE POWER SERVICES LLC,ONCOR,FIXED,24,15.5,15.1,14.799999999999999,0.0,250.0,6,False,False,,https://ironhorse-storage.s3.us-west-2.amazonaws.com/public/efl/ONC-24-PC-0-100250.pdf,https://signup.ironhorsepowerservices.com/ironhorse-ptc/ONC-24-PC-0-100250
27787,Autopay Texas 12,DIRECT ENERGY,ONCOR,FIXED,12,18.2,17.299999999999997,16.8,0.0,150.0,24,False,False,"Lock in a fixed Texas energy rate for 12 months! Monthly base charge $4.95. For new customers only. If you stop Auto Pay at any time during your contract, you will be charged an AutoPay Breakage Fee of $5/month. If you cancel your plan early, you will be charged a $150 early termination fee. Terms and conditions apply.",https://documents.directenergy.com/dynamic/efl/D1F00160133910C.pdf,https://shop.directenergy.com/tx/product-chart-tabs?tdspCode=D0002&promo_code=WHPGCD&sid=APTC_1726591058&utm_campaign=PTC&utm_medium=PTC_&utm_source=PowerToChoose
27202,Connect & Save 12 -      Save Energy. Get Paid.,OhmConnect Energy,ONCOR,FIXED,12,15.2,14.7,14.499999999999998,0.0,150.0,26,False,False,Choose the energy company that pays you! Sign up for a low rate and earn rewards when you participate in our energy-saving events. Automate and earn more rewards with smart home devices after you sign up! Learn more at: tx.ohmconnect.com,https://bit.ly/4sEYG7t,https://www.ohmconnect.com/texas/?aid=736101&lsid=2&campaign=ptc&locale=en
27255,Connect & Save 12,OhmConnect Energy,ONCOR,FIXED,12,15.2,14.7,14.499999999999998,0.0,150.0,26,False,False,¡Elige la compañía de energía que le paga! Inscríbase para obtener una tarifa baja y gane recompensas cuando participe en nuestros eventos de ahorro de energía. ¡Automatice y gane más con dispositivos domésticos inteligentes después de registrarse! Mas informes en: tx.ohmconnect.com,https://bit.ly/4qGwfEl,https://www.ohmconnect.com/texas/?aid=736101&lsid=2&campaign=ptc&locale=es
27162,True Value 36,TRUE POWER,ONCOR,FIXED,36,14.399999999999999,13.900000000000002,13.700000000000001,0.0,300.0,15,False,False,,https://truepowerefl.com/eflportal/efl/view/spanish/ONCOR/730,https://truepower.com/partner/ptc/
27165,True Value 16,TRUE POWER,ONCOR,FIXED,16,15.0,14.6,14.399999999999999,0.0,300.0,15,False,False,,https://truepowerefl.com/eflportal/efl/view/spanish/ONCOR/815,https://truepower.com/partner/ptc/
27168,True Value 12,TRUE POWER,ONCOR,FIXED,12,13.600000000000001,13.100000000000001,12.9,0.0,300.0,15,False,False,,https://truepowerefl.com/eflportal/efl/view/spanish/ONCOR/680,https://truepower.com/partner/ptc/
27056,Pollution Free e-Plus 36 Choice,GREEN MOUNTAIN ENERGY COMPANY,ONCOR,FIXED,36,18.099999999999998,17.2,16.7,0.0,395.0,100,False,False,¡Inscríbete para electricidad 100% Pollution Free hoy mismo! Este plan requiere que te inscribas en facturación Tree Free y Auto Pay en greenmountain.com/myaccount dentro de treinta (30) días de la fecha de inicio de tu servicio. Términos y condiciones adicionales aplican. Ve la página de confirmación de pedido para detalles.,https://signup.greenmountain.com/defl/G1F00172600840B.pdf,https://www.greenmountainenergy.com/gmec-lnd-tx-ptc/?sid=A3P_PTC_ERCOT_2015APR_PFe-P36
26933,Reliant Power on 36 Plan,RELIANT,ONCOR,FIXED,36,17.4,16.5,16.0,0.0,395.0,24,False,False,Esta oferta es solo para nuevos clientes que se inscriben a través de Power to Choose,https://www.reliant.com/defl/R1F00180021170A.pdf,https://shop.reliant.com/plans-for-you/?tdspCodeCCS=D0002&fromLP=ptc&txtPromocode=WF3713&sid=APTC_1686089562&language_code=es_US&utm_source=None&utm_campaign=Power+To+Choose+Listings&utm_medium=PTC_
26884,Autopay Texas 36,DIRECT ENERGY,ONCOR,FIXED,36,17.8,16.900000000000002,16.400000000000002,0.0,295.0,24,False,False,"Lock in a fixed Texas energy rate for 36 months! Monthly base charge $4.95. For new customers only. If you stop Auto Pay at any time during your contract, you will be charged an AutoPay Breakage Fee of $5/month. If you cancel your plan early, you will be charged a $135 early termination fee. Terms and conditions apply.",https://documents.directenergy.com/dynamic/efl/D1F00160133867C.pdf,https://shop.directenergy.com/tx/product-chart-tabs?tdspCode=D0002&promo_code=WHPGCD&sid=APTC_1726591058&utm_campaign=PTC&utm_medium=PTC_&utm_source=PowerToChoose
26874,Autopay Texas 24,DIRECT ENERGY,ONCOR,FIXED,24,18.0,17.1,16.6,0.0,295.0,24,False,False,"Lock in a fixed Texas energy rate for 24 months! Monthly base charge $4.95. For new customers only. If you stop Auto Pay at any time during your contract, you will be charged an AutoPay Breakage Fee of $5/month. If you cancel your plan early, you will be charged a $135 early termination fee. Terms and conditions apply.",https://documents.directenergy.com/dynamic/efl/D1F00160133830C.pdf,https://shop.directenergy.com/tx/product-chart-tabs?tdspCode=D0002&promo_code=WHPGCD&sid=APTC_1726591058&utm_campaign=PTC&utm_medium=PTC_&utm_source=PowerToChoose
24988,Simple Switch 6,CONSTELLATION NEWENERGY INC,ONCOR,FIXED,6,12.8,12.4,12.2,0.0,50.0,26,False,False,Esta oferta es solo para clientes nuevos que se inscriban a través del sitio Power to Choose. ¡Vea nuestras otras excelentes tarifas disponibles! https://www.constellation.com/,https://www.constellation.com/bin/residential/GetContractVersionPDF?versionNum=4906391,https://www.constellation.com/content/constellation/en/campaigns/powertochoose.html?UTM_source=powertochoose.org&UTM_medium=referral
26342,Choose 15,SPARK ENERGY LLC,ONCOR,FIXED,15,14.7,14.299999999999999,14.099999999999998,0.0,100.0,35,False,False,,https://www.sparkenergy.com/products-and-services/?getproductpdf=1&PromotionCode=PTC&ProductID=148473&type=EFL&title=Electricity+Facts+Label&language=spanish,https://www.sparkenergy.com/products-and-services/?PromotionCode=PTC
26336,Choose 12,SPARK ENERGY LLC,ONCOR,FIXED,12,14.6,14.2,14.000000000000002,0.0,100.0,35,False,False,,https://www.sparkenergy.com/products-and-services/?getproductpdf=1&PromotionCode=PTC&ProductID=148468&type=EFL&title=Electricity+Facts+Label&language=spanish,https://www.sparkenergy.com/products-and-services/?PromotionCode=PTC
26266,Smart Simple 12,CIRRO ENERGY,ONCOR,FIXED,12,15.9,15.4,15.2,0.0,150.0,24,False,False,"Opciones eBill y Bill Alert sin papel ::: Servicio al cliente local 24/7 ::: Sin tarifas para VISA, DISCOVER y MC ::: Fácil acceso a la cuenta en línea ::: Esta oferta es solo para nuevos clientes",https://www.cirroenergy.com/defl/M1F00175410780B.pdf,https://www.cirroenergy.com/espanol?txtPromocode=WA198B&sid=APTC_1685677096&utm_campaign=Power+To+Choose+Listings&utm_medium=PTC_&utm_source=None
26267,Saver 12,Discount Power,ONCOR,FIXED,12,15.8,15.299999999999999,15.1,0.0,150.0,24,False,False,Facturacion electronica y pago automatico con targeta de credito / targeta de debito o cuenta bancaria. Esta oferta es solo para nuevos clientes que se inscriban a traves de Power to Choose o utilizando el codigo de promocion especial; Codigo de promocion necesario:  WQ4131.,https://www.discountpowertx.com/defl/M1F00175410934B.pdf,https://shop.discountpowertx.com/offer-selection/?txtPromocode=WQ4131&tdspCode=D0002&language=es&fromLP=ptc&sid=APTC_1686090020&utm_campaign=Power+To+Choose+Listings&utm_medium=PTC_&utm_source=None
26147,Gexa Eco Choice 12,GEXA ENERGY,ONCOR,FIXED,12,13.600000000000001,13.200000000000001,13.0,0.0,150.0,100,False,False,Lock in a great fixed rate plan. |Free online bill pay and automatic billing options are also available.|This offer is for new customers only who enroll through the Power to Choose website.,https://eflviewer.gexaenergy.com/eflviewer.aspx?lang=EN&prodcode=GXAECOCHI12&tdspcode=ONCOR_ELEC,https://newenroll.gexaenergy.com/?refid=PTC_EcoChoice12&ul=1000&tdsp=ONCOR_ELEC
26106,Pollution Free e-Plus 12 Choice,GREEN MOUNTAIN ENERGY COMPANY,ONCOR,FIXED,12,18.099999999999998,17.2,16.7,0.0,150.0,100,False,False,¡Inscríbete para electricidad 100% Pollution Free hoy mismo! Solo para nuevos clientes. Este plan requiere que te inscribas en facturación Tree Free y Auto Pay en greenmountain.com/myaccount dentro de treinta (30) días de la fecha de inicio de tu servicio. Términos y condiciones adicionales aplicables. Ve la página de confirmación de pedido para detalles.,https://signup.greenmountain.com/defl/G1F00172600848B.pdf,https://www.greenmountainenergy.com/gmec-lnd-tx-ptc/?txtPromocode=WA0TEZ&sid=APTC_1686090168&utm_campaign=Power+To+Choose+Listings&utm_medium=PTC_&utm_source=None
26127,Frontier Power Saver 6,FRONTIER UTILITIES,ONCOR,FIXED,6,11.5,11.1,10.9,0.0,150.0,30,False,False,This offer is for new customers only who enroll through the Power to Choose website.,https://eflviewer.frontierutilities.com/eflviewer.aspx?lang=EN&prodcode=FPOWSVR06&tdspcode=ONCOR_ELEC,https://newenroll.frontierutilities.com/?refid=PTCFPS06&ul=1000&tdsp=ONCOR_ELEC
26031,Autopay Texas 18,DIRECT ENERGY,ONCOR,FIXED,18,18.4,17.5,17.0,0.0,180.0,24,False,False,"Lock in a fixed Texas energy rate for 18 months! Monthly base charge $4.95. For new customers only. If you stop Auto Pay at any time during your contract, you will be charged an AutoPay Breakage Fee of $5/month. If you cancel your plan early, you will be charged a $180 early termination fee. Terms and conditions apply.",https://documents.directenergy.com/dynamic/efl/D1F00160133878C.pdf,https://shop.directenergy.com/tx/product-chart-tabs?tdspCode=D0002&promo_code=WHPGCD&sid=APTC_1726591058&utm_campaign=PTC&utm_medium=PTC_&utm_source=PowerToChoose
25238,Reliant Power On 12 Plan,RELIANT,ONCOR,FIXED,12,17.4,16.5,16.0,0.0,150.0,24,False,False,This offer is for new customers only who enroll through Power to Choose,https://www.reliant.com/defl/R1F00180021344A.pdf,https://shop.reliant.com/plans-for-you/?tdspCodeCCS=D0002&fromLP=ptc&txtPromocode=WF3713&sid=APTC_1686089562&utm_source=None&utm_campaign=Power+To+Choose+Listings&utm_medium=PTC_
24663,Sustainable Days Bundle - 3,JUST ENERGY,ONCOR,FIXED,3,11.799999999999999,11.0,10.6,0.0,175.0,31,False,True,FREE electricity from 9:00 AM to 4:00 PM daily. A one-month GoodBundle setup and carbon offset purchase of $49.99 is required to enroll. Call (866) 327-0821 to enroll!,https://webs.justenergydeals.com/Generate_Docs/Generate_EflLinks.aspx?RID=0HhNUr0LaLs=&RCID=gNASPlhlupI=&L=jfm4E/YMcQk=,https://justenergy.com/affiliatepartner/ptcsl/?utm_source=powertochoose&utm_medium=referral&utm_campaign=ST
24534,Pollution Free e-Plus 24 Choice,GREEN MOUNTAIN ENERGY COMPANY,ONCOR,FIXED,24,18.099999999999998,17.2,16.7,0.0,295.0,100,False,False,Sign up for 100% Pollution Free Electricity today! For new customers only. This plan requires you to enroll in Tree Free billing and Auto Pay at greenmountain.com/myaccount within thirty (30) days of your service start date. Additional terms and conditions apply. See order confirmation page for details.,https://signup.greenmountain.com/defl/G1F00172600799B.pdf,https://shop.greenmountainenergy.com/texas/home-energy-solutions/products/?tdspCodeCCS=D0002&fromLP=ptc&txtPromocode=WA0TEZ&sid=APTC_1726590650&utm_campaign=PTC&utm_medium=PTC_&utm_source=PowerToChoose
24348,Basics PTC - 36,TARA ENERGY,ONCOR,FIXED,36,16.3,15.9,15.7,0.0,175.0,31,False,False,"Ask for our PTC rates. Lock in your energy rate with no Base Charges, no Minimum Use fees or Payment fees! Transmission and distribution charges passed through at cost. Please refer to the Electricity Facts Label for additional details. Call our Customer Hotline at (866) 327-0880 to sign up today!",https://webs.taraenergy.com/Generate_Docs/Generate_EflLinks.aspx?RID=ZLQfjOoVTQc=&RCID=cacW2cvK/I0=&L=6f+Ch9flI7k=,https://taraenergy.com/ptc/?utm_source=powertochoose&utm_medium=referral&utm_campaign=LT
24338,Basics PTC - 36,AMIGO ENERGY,ONCOR,FIXED,36,16.3,15.9,15.7,0.0,175.0,31,False,False,"Ask for our PTC rates. Lock in your energy rate with no Base Charges, no Minimum Use fees or Payment fees! Transmission and distribution charges passed through at cost. Please refer to the Electricity Facts Label for additional details. Call our Customer Hotline at (866) 327-0839 to sign up today!",https://webs.amigoenergy.com/Generate_Docs/Generate_EflLinks.aspx?RID=BfnIuuEZljQ=&RCID=rv5fvOkFHh4=&L=6f+Ch9flI7k=,https://amigoenergy.com/lp/ptc/?utm_source=powertochoose&utm_medium=referral&utm_campaign=LT
23963,Sustainable Living Bundle - 3,JUST ENERGY,ONCOR,FIXED,3,11.899999999999999,11.0,10.6,0.0,175.0,31,False,False,"Para inscribirse se requiere una configuración de GoodBundle de un mes y una compra de compensación de carbono de $49.99. Cargos de transmisión y distribución transferidos al costo. ¡Para registrarse hoy, llame a nuestra línea directa para clientes al (866) 327-0821!",https://webs.justenergydeals.com/Generate_Docs/Generate_EflLinks.aspx?RID=M+o7fT9Oo/s=&RCID=gNASPlhlupI=&L=jfm4E/YMcQk=,https://justenergy.com/affiliatepartner/ptcsl/?utm_source=powertochoose&utm_medium=referral&utm_campaign=ST
22779,Basics PTC - 60,AMIGO ENERGY,ONCOR,FIXED,60,16.3,15.9,15.7,0.0,175.0,31,False,False,"Ask for our PTC rates. Lock in your energy rate with no Base Charges, no Minimum Use fees or Payment fees! Transmission and distribution charges passed through at cost. Please refer to the Electricity Facts Label for additional details. Call our Customer Hotline at (866) 327-0839 to sign up today!",https://webs.amigoenergy.com/Generate_Docs/Generate_EflLinks.aspx?RID=eicUqR30J0Y=&RCID=rv5fvOkFHh4=&L=jfm4E/YMcQk=,https://amigoenergy.com/lp/ptc/?utm_source=powertochoose&utm_medium=referral&utm_campaign=LT
22159,Sustainable Home Bundle - 3,TARA ENERGY,ONCOR,FIXED,3,11.899999999999999,11.0,10.6,0.0,175.0,31,False,False,A one-month GoodBundle setup and carbon offset purchase of $49.99 is required to enroll. Transmission and distribution charges passed through at cost. Call (866) 327-0880 to enroll!,https://webs.taraenergy.com/Generate_Docs/Generate_EflLinks.aspx?RID=AXEW2DZ1EjY=&RCID=cacW2cvK/I0=&L=6f+Ch9flI7k=,https://taraenergy.com/ptcsl/?utm_source=powertochoose&utm_medium=referral&utm_campaign=ST
22764,Basics PTC - 60,TARA ENERGY,ONCOR,FIXED,60,16.3,15.9,15.7,0.0,175.0,31,False,False,"Ask for our PTC rates. Lock in your energy rate with no Base Charges, no Minimum Use fees or Payment fees! Transmission and distribution charges passed through at cost. Please refer to the Electricity Facts Label for additional details. Call our Customer Hotline at (866) 327-0880 to sign up today!",https://webs.taraenergy.com/Generate_Docs/Generate_EflLinks.aspx?RID=zMA4Cd/qvUU=&RCID=cacW2cvK/I0=&L=6f+Ch9flI7k=,https://taraenergy.com/ptc/?utm_source=powertochoose&utm_medium=referral&utm_campaign=LT
22141,Sustainable Lifestyle - 3,AMIGO ENERGY,ONCOR,FIXED,3,11.899999999999999,11.0,10.6,0.0,175.0,31,False,False,A one-month GoodBundle setup and carbon offset purchase of $49.99 is required to enroll. Transmission and distribution charges passed through at cost. Call (866) 327-0839 to enroll!,https://webs.amigoenergy.com/Generate_Docs/Generate_EflLinks.aspx?RID=/QJYi7R2WGU=&RCID=rv5fvOkFHh4=&L=6f+Ch9flI7k=,https://amigoenergy.com/lp/ptcsl/?utm_source=powertochoose&utm_medium=referral&utm_campaign=ST
21842,Champ Saver-6,CHAMPION ENERGY SERVICES LLC,ONCOR,FIXED,6,15.4,15.0,14.799999999999999,0.0,150.0,26,False,False,,https://docs.championenergyservices.com/ExternalDocs?planname=PN2401&state=TX&language=ES,https://www.championenergyservices.com/Residential/Sign-Up?promo=powertochoose
21786,Saver 24,Discount Power,ONCOR,FIXED,24,16.0,15.5,15.299999999999999,0.0,295.0,24,False,False,"Electronic Billing and auto payment via bank draft, credit card, or debit card available. This offer is for new customers only. Enroll through Power to Choose or by using special promo code; Promo Code Required: WQ4133.",https://www.discountpowertx.com/defl/M1F00175411015B.pdf,https://shop.discountpowertx.com/offer-selection/?txtPromocode=WQ4131&tdspCode=D0002&fromLP=ptc&sid=APTC_1686090020&utm_campaign=Power+To+Choose+Listings&utm_medium=PTC_&utm_source=None
21638,Saver 36,Discount Power,ONCOR,FIXED,36,16.1,15.6,15.4,0.0,395.0,24,False,False,"Electronic Billing and auto payment via bank draft, credit card, or debit card available. This offer is for new customers only. Enroll through Power to Choose or by using special promo code; Promo Code Required: WQ4131.",https://www.discountpowertx.com/defl/M1F00175411063B.pdf,https://shop.discountpowertx.com/offer-selection/?txtPromocode=WQ4131&tdspCode=D0002&fromLP=ptc&sid=APTC_1686090020&utm_campaign=Power+To+Choose+Listings&utm_medium=PTC_&utm_source=None
19580,12 Month A/C Protect Plus for 2 Units,CONSTELLATION NEWENERGY INC,ONCOR,FIXED,12,20.3,16.3,17.1,0.0,150.0,26,False,False,,https://www.constellation.com/bin/residential/GetContractVersionPDF?versionNum=4906285,https://www.constellation.com/content/constellation/en/campaigns/powertochoose.html?UTM_source=powertochoose.org&UTM_medium=referral
19345,Smart Simple 24,CIRRO ENERGY,ONCOR,FIXED,24,16.1,15.6,15.4,0.0,295.0,24,False,False,"Opciones eBill y Bill Alert sin papel ::: Servicio al cliente local 24/7 ::: Sin tarifas para VISA, DISCOVER y MC ::: Fácil acceso a la cuenta en línea ::: Esta oferta es solo para nuevos clientes",https://www.cirroenergy.com/defl/M1F00175410798B.pdf,https://www.cirroenergy.com/espanol?txtPromocode=WA198B&sid=APTC_1685677096&utm_campaign=Power+To+Choose+Listings&utm_medium=PTC_&utm_source=None
19260,Smart Simple 36,CIRRO ENERGY,ONCOR,FIXED,36,16.2,15.7,15.5,0.0,395.0,24,False,False,"Opciones eBill y Bill Alert sin papel ::: Servicio al cliente local 24/7 ::: Sin tarifas para VISA, DISCOVER y MC ::: Fácil acceso a la cuenta en línea ::: Esta oferta es solo para nuevos clientes",https://www.cirroenergy.com/defl/M1F00175410852B.pdf,https://www.cirroenergy.com/espanol?txtPromocode=WA198B&sid=APTC_1685677096&utm_campaign=Power+To+Choose+Listings&utm_medium=PTC_&utm_source=None
17326,Sustainable Simply Days - 3,AMIGO ENERGY,ONCOR,FIXED,3,11.799999999999999,11.0,10.6,0.0,175.0,31,False,True,FREE electricity from 9:00 AM to 4:00 PM daily. A one-month GoodBundle setup and carbon offset purchase of $49.99 is required to enroll. Call (866) 327-0839 to enroll!,https://webs.amigoenergy.com/Generate_Docs/Generate_EflLinks.aspx?RID=fghzZ67BppU=&RCID=rv5fvOkFHh4=&L=6f+Ch9flI7k=,https://amigoenergy.com/lp/ptcsl/?utm_source=powertochoose&utm_medium=referral&utm_campaign=ST
17254,Balanced Days Bundle - 3,TARA ENERGY,ONCOR,FIXED,3,11.799999999999999,11.0,10.6,0.0,175.0,31,False,True,FREE electricity from 9:00 AM to 4:00 PM daily. A one-month GoodBundle setup and carbon offset purchase of $49.99 is required to enroll. Call (866) 327-0880 to enroll!,https://webs.taraenergy.com/Generate_Docs/Generate_EflLinks.aspx?RID=ODdY/I3xZsY=&RCID=cacW2cvK/I0=&L=jfm4E/YMcQk=,https://taraenergy.com/ptcsl/?utm_source=powertochoose&utm_medium=referral&utm_campaign=ST
16583,Champ Saver-12,CHAMPION ENERGY SERVICES LLC,ONCOR,FIXED,12,15.7,15.299999999999999,15.1,0.0,150.0,26,False,False,,https://docs.championenergyservices.com/ExternalDocs?planname=PN2402&state=TX&language=ES,https://www.championenergyservices.com/Residential/Sign-Up?promo=powertochoose
16586,Champ Saver-24,CHAMPION ENERGY SERVICES LLC,ONCOR,FIXED,24,16.0,15.6,15.4,0.0,250.0,26,False,False,,https://docs.championenergyservices.com/ExternalDocs?planname=PN2407&state=TX&language=ES,https://www.championenergyservices.com/Residential/Sign-Up?promo=powertochoose
12416,12 Month Usage Bill Credit,CONSTELLATION NEWENERGY INC,TNMP,FIXED,12,20.599999999999998,16.3,16.900000000000002,0.0,150.0,26,False,False,,https://www.constellation.com/bin/residential/GetContractVersionPDF?versionNum=4906268,https://www.constellation.com/content/constellation/en/campaigns/powertochoose.html?UTM_source=powertochoose.org&UTM_medium=referral
11684,Smart Simple 12,CIRRO ENERGY,TNMP,FIXED,12,18.4,17.599999999999998,17.2,0.0,150.0,24,False,False,"Paperless eBill and Bill Alert Options ::: 24/7 Local Customer Service ::: NO FEES for VISA, DISCOVER & MC::: Easy Online Account Access ::: This offer is for new customers only",https://www.cirroenergy.com/defl/M1F00175410751B.pdf,https://www.cirroenergy.com/lp/ptcZipCodeSearch?tdsp_code=D0003&promo_code=WA198B&txtPromocode=WA198B&fromLP=ptc&sid=APTC_1685677096&utm_campaign=Power+To+Choose+Listings&utm_medium=PTC_&utm_source=None
13195,Champ Saver-16,CHAMPION ENERGY SERVICES LLC,TNMP,FIXED,16,18.2,17.4,17.0,0.0,250.0,26,False,False,,https://docs.championenergyservices.com/ExternalDocs?planname=PN2431&state=TX&language=EN,https://www.championenergyservices.com/Residential/Sign-Up?promo=powertochoose
16539,Champ Saver-12,CHAMPION ENERGY SERVICES LLC,TNMP,FIXED,12,18.5,17.7,17.299999999999997,0.0,150.0,26,False,False,,https://docs.championenergyservices.com/ExternalDocs?planname=PN2435&state=TX&language=EN,https://www.championenergyservices.com/Residential/Sign-Up?promo=powertochoose
16543,Champ Saver-24,CHAMPION ENERGY SERVICES LLC,TNMP,FIXED,24,18.6,17.8,17.4,0.0,250.0,26,False,False,,https://docs.championenergyservices.com/ExternalDocs?planname=PN2440&state=TX&language=EN,https://www.championenergyservices.com/Residential/Sign-Up?promo=powertochoose
17281,Sustainable Living Bundle - 3,JUST ENERGY,TNMP,FIXED,3,14.099999999999998,12.9,12.3,0.0,175.0,31,False,False,A one-month GoodBundle setup and carbon offset purchase of $49.99 is required to enroll. Transmission and distribution charges passed through at cost. Call (866) 327-0821 to enroll!,https://webs.justenergydeals.com/Generate_Docs/Generate_EflLinks.aspx?RID=NsMdgsFd3KU=&RCID=gNASPlhlupI=&L=6f+Ch9flI7k=,https://justenergy.com/affiliatepartner/ptcsl/?utm_source=powertochoose&utm_medium=referral&utm_campaign=ST
17261,Balanced Days Bundle - 3,TARA ENERGY,TNMP,FIXED,3,14.099999999999998,12.9,12.3,0.0,175.0,31,False,True,FREE electricity from 9:00 AM to 4:00 PM daily. A one-month GoodBundle setup and carbon offset purchase of $49.99 is required to enroll. Call (866) 327-0880 to enroll!,https://webs.taraenergy.com/Generate_Docs/Generate_EflLinks.aspx?RID=YsVRnu0pAjA=&RCID=cacW2cvK/I0=&L=6f+Ch9flI7k=,https://taraenergy.com/ptcsl/?utm_source=powertochoose&utm_medium=referral&utm_campaign=ST
17378,Saver 12,Discount Power,TNMP,FIXED,12,18.3,17.5,17.1,0.0,150.0,24,False,False,"Electronic Billing and auto payment via bank draft, credit card, or debit card available. This offer is for new customers only. Enroll through Power to Choose or by using special promo code; Promo Code Required: WQ4139.",https://www.discountpowertx.com/defl/M1F00175410988B.pdf,https://shop.discountpowertx.com/offer-selection/?txtPromocode=WQ4131&tdspCode=D0003&fromLP=ptc&sid=APTC_1686090020&utm_campaign=Power+To+Choose+Listings&utm_medium=PTC_&utm_source=None
18365,Smart Simple 36,CIRRO ENERGY,TNMP,FIXED,36,18.7,17.9,17.5,0.0,395.0,24,False,False,"Paperless eBill and Bill Alert Options ::: 24/7 Local Customer Service ::: NO FEES for VISA, DISCOVER & MC::: Easy Online Account Access ::: This offer is for new customers only",https://www.cirroenergy.com/defl/M1F00175410775B.pdf,https://www.cirroenergy.com/lp/ptcZipCodeSearch?tdsp_code=D0003&promo_code=WA198B&txtPromocode=WA198B&fromLP=ptc&sid=APTC_1685677096&utm_campaign=Power+To+Choose+Listings&utm_medium=PTC_&utm_source=None
17324,Sustainable Simply Days - 3,AMIGO ENERGY,TNMP,FIXED,3,14.099999999999998,12.9,12.3,0.0,175.0,31,False,True,FREE electricity from 9:00 AM to 4:00 PM daily. A one-month GoodBundle setup and carbon offset purchase of $49.99 is required to enroll. Call (866) 327-0839 to enroll!,https://webs.amigoenergy.com/Generate_Docs/Generate_EflLinks.aspx?RID=riXkxM6E/8o=&RCID=rv5fvOkFHh4=&L=6f+Ch9flI7k=,https://amigoenergy.com/lp/ptcsl/?utm_source=powertochoose&utm_medium=referral&utm_campaign=ST
18374,Smart Simple 24,CIRRO ENERGY,TNMP,FIXED,24,18.6,17.8,17.4,0.0,295.0,24,False,False,"Paperless eBill and Bill Alert Options ::: 24/7 Local Customer Service ::: NO FEES for VISA, DISCOVER & MC::: Easy Online Account Access ::: This offer is for new customers only",https://www.cirroenergy.com/defl/M1F00175410835B.pdf,https://www.cirroenergy.com/lp/ptcZipCodeSearch?tdsp_code=D0003&promo_code=WA198B&txtPromocode=WA198B&fromLP=ptc&sid=APTC_1685677096&utm_campaign=Power+To+Choose+Listings&utm_medium=PTC_&utm_source=None
18542,Free Weekends-24,CHAMPION ENERGY SERVICES LLC,TNMP,FIXED,24,18.7,18.0,17.599999999999998,0.0,250.0,26,False,True,Free power from 12 midnight Friday night to 11:59 PM Sunday night. No monthly fee or minimum usage requirement. Indexed Solar Buyback Included,https://docs.championenergyservices.com/ExternalDocs?planname=PN2437&state=TX&language=EN,https://www.championenergyservices.com/Residential/Sign-Up?promo=powertochoose
20407,PTC 12 Month - Prepaid,PAYLESS POWER,TNMP,FIXED,12,20.200000000000003,19.400000000000002,19.0,0.0,49.0,26,True,False,Fixed price for 12 months with no credit check or deposit required.  A first payment of $75.00 is required to connect service.,https://paylesspower.com/files/86_5_eng.pdf,https://account.paylesspower.com/enroll/487447
20408,PTC 6 Month - Prepaid,PAYLESS POWER,TNMP,FIXED,6,19.2,18.4,18.0,0.0,49.0,26,True,False,Fixed price for 6 months with no credit check or deposit required. A first payment of $75.00 is required to connect service.,https://paylesspower.com/files/87_5_eng.pdf,https://account.paylesspower.com/enroll/487447
20525,True Classic 6,AP GAS & ELECTRIC (TX) LLC,TNMP,FIXED,6,14.7,13.900000000000002,13.5,0.0,150.0,6,False,False,Lock in a fixed rate plan that gives you price security for the next 6 months. Flexible. Affordable. Energy. That's APG&E!,https://artemis-api.apge.com/api/v1/document?documentId=73&offerCode=SRBTX_TNM_NA_NA_RES_FPR_SD0_T6_NEW,https://www.apge.com/enroll#/offer?offerCode=SRBTX_TNM_NA_NA_RES_FPR_SD0_T6_NEW&deploymentName=TX%20State%20Rate%20Board
20526,TrueClassic 36,AP GAS & ELECTRIC (TX) LLC,TNMP,FIXED,36,17.1,16.3,15.9,0.0,350.0,6,False,False,Lock in a straightforward fixed rate plan that gives you price security for the next 36 months. Flexible. Affordable. Energy. That's APG&E!,https://artemis-api.apge.com/api/v1/document?documentId=73&offerCode=SRBTX_TNM_NA_NA_RES_FPR_SD0_T36_NEW,https://www.apge.com/enroll#/offer?offerCode=SRBTX_TNM_NA_NA_RES_FPR_SD0_T36_NEW&deploymentName=TX%20State%20Rate%20Board
20552,TrueClassic 6,AP GAS & ELECTRIC (TX) LLC,TNMP,FIXED,6,14.7,13.900000000000002,13.5,0.0,150.0,6,False,False,Asegure un plan directo de tasa fija que le brinde seguridad en los precios durante los próximos 6 meses. Flexible. Affordable. Energy. ¡Eso es APG&E!,https://artemis-api.apge.com/api/v1/document?documentId=74&offerCode=SRBTX_TNM_NA_NA_RES_FPR_SD0_T6_NEW,https://www.apge.com/enroll#/offer?offerCode=SRBTX_TNM_NA_NA_RES_FPR_SD0_T6_NEW&deploymentName=TX%20State%20Rate%20Board&language=spanish
21306,Saver 24,Discount Power,TNMP,FIXED,24,18.5,17.7,17.299999999999997,0.0,295.0,24,False,False,Facturacion electronica y pago automatico con targeta de credito / targeta de debito o cuenta bancaria. Esta oferta es solo para nuevos clientes que se inscriban a traves de Power to Choose o utilizando el codigo de promocion especial; Codigo de promocion necesario: WQ4139.,https://www.discountpowertx.com/defl/M1F00175411048B.pdf,https://shop.discountpowertx.com/offer-selection/?txtPromocode=WQ4131&tdspCode=D0003&language=es&fromLP=ptc&sid=APTC_1686090020&utm_campaign=Power+To+Choose+Listings&utm_medium=PTC_&utm_source=None
21539,Saver 36,Discount Power,TNMP,FIXED,36,18.6,17.8,17.4,0.0,395.0,24,False,False,Facturacion electronica y pago automatico con targeta de credito / targeta de debito o cuenta bancaria. Esta oferta es solo para nuevos clientes que se inscriban a traves de Power to Choose o utilizando el codigo de promocion especial; Codigo de promocion necesario: WQ4131.,https://www.discountpowertx.com/defl/M1F00175410958B.pdf,https://shop.discountpowertx.com/offer-selection/?txtPromocode=WQ4131&tdspCode=D0003&language=es&fromLP=ptc&sid=APTC_1686090020&utm_campaign=Power+To+Choose+Listings&utm_medium=PTC_&utm_source=None
21779,Sustainable Lifestyle - 3,AMIGO ENERGY,TNMP,FIXED,3,14.099999999999998,12.9,12.3,0.0,175.0,31,False,False,A one-month GoodBundle setup and carbon offset purchase of $49.99 is required to enroll. Transmission and distribution charges passed through at cost. Call (866) 327-0839 to enroll!,https://webs.amigoenergy.com/Generate_Docs/Generate_EflLinks.aspx?RID=avrj+Pomct8=&RCID=rv5fvOkFHh4=&L=6f+Ch9flI7k=,https://amigoenergy.com/lp/ptcsl/?utm_source=powertochoose&utm_medium=referral&utm_campaign=ST
22003,Pollution Free e-Plus 24 Choice,GREEN MOUNTAIN ENERGY COMPANY,TNMP,FIXED,24,20.7,19.400000000000002,18.8,0.0,295.0,100,False,False,¡Inscríbete para electricidad 100% Pollution Free hoy mismo! Solo para nuevos clientes. Este plan requiere que te inscribas en facturación Tree Free y Auto Pay en greenmountain.com/myaccount dentro de treinta (30) días de la fecha de inicio de tu servicio. Términos y condiciones adicionales aplicables. Ve la página de confirmación de pedido para detalles.,https://signup.greenmountain.com/defl/G1F00172600852B.pdf,https://www.greenmountainenergy.com/gmec-lnd-tx-ptc/?txtPromocode=WA0TEZ&sid=APTC_1686090168&utm_campaign=Power+To+Choose+Listings&utm_medium=PTC_&utm_source=None
21838,Champ Saver-6,CHAMPION ENERGY SERVICES LLC,TNMP,FIXED,6,18.2,17.4,17.0,0.0,150.0,26,False,False,,https://docs.championenergyservices.com/ExternalDocs?planname=PN2434&state=TX&language=EN,https://www.championenergyservices.com/Residential/Sign-Up?promo=powertochoose
22153,Sustainable Home Bundle - 3,TARA ENERGY,TNMP,FIXED,3,14.099999999999998,12.9,12.3,0.0,175.0,31,False,False,"Para inscribirse se requiere una configuración de GoodBundle de un mes y una compra de compensación de carbono de $49.99. Cargos de transmisión y distribución transferidos al costo. ¡Para registrarse hoy, llame a nuestra línea directa para clientes al (866) 327-0880!",https://webs.taraenergy.com/Generate_Docs/Generate_EflLinks.aspx?RID=qU/FbdKHgjM=&RCID=cacW2cvK/I0=&L=jfm4E/YMcQk=,https://taraenergy.com/ptcsl/?utm_source=powertochoose&utm_medium=referral&utm_campaign=ST
22037,Pollution Free e-Plus 12 Choice,GREEN MOUNTAIN ENERGY COMPANY,TNMP,FIXED,12,20.7,19.400000000000002,18.8,0.0,150.0,100,False,False,Sign up for 100% Pollution Free Electricity today! For new customers only. This plan requires you to enroll in Tree Free billing and Auto Pay at greenmountain.com/myaccount within thirty (30) days of your service start date. Additional terms and conditions apply. See order confirmation page for details.,https://signup.greenmountain.com/defl/G1F00172600843B.pdf,https://shop.greenmountainenergy.com/texas/home-energy-solutions/products/?tdspCodeCCS=D0003&fromLP=ptc&txtPromocode=WA0TEZ&sid=APTC_1726590650&utm_campaign=PTC&utm_medium=PTC_&utm_source=PowerToChoose
22164,Basics PTC - 60,TARA ENERGY,TNMP,FIXED,60,18.7,17.9,17.5,0.0,175.0,31,False,False,"Ask for our PTC rates. Lock in your energy rate with no Base Charges, no Minimum Use fees or Payment fees! Transmission and distribution charges passed through at cost. Please refer to the Electricity Facts Label for additional details. Call our Customer Hotline at (866) 327-0880 to sign up today!",https://webs.taraenergy.com/Generate_Docs/Generate_EflLinks.aspx?RID=WOImHD8TjCc=&RCID=cacW2cvK/I0=&L=jfm4E/YMcQk=,https://taraenergy.com/ptc/?utm_source=powertochoose&utm_medium=referral&utm_campaign=LT
22770,Basics PTC - 36,TARA ENERGY,TNMP,FIXED,36,18.7,17.9,17.5,0.0,175.0,31,False,False,"Ask for our PTC rates. Lock in your energy rate with no Base Charges, no Minimum Use fees or Payment fees! Transmission and distribution charges passed through at cost. Please refer to the Electricity Facts Label for additional details. Call our Customer Hotline at (866) 327-0880 to sign up today!",https://webs.taraenergy.com/Generate_Docs/Generate_EflLinks.aspx?RID=bhlhtD45O98=&RCID=cacW2cvK/I0=&L=jfm4E/YMcQk=,https://taraenergy.com/ptc/?utm_source=powertochoose&utm_medium=referral&utm_campaign=LT
22773,Basics PTC - 60,AMIGO ENERGY,TNMP,FIXED,60,18.7,17.9,17.5,0.0,175.0,31,False,False,"Ask for our PTC rates. Lock in your energy rate with no Base Charges, no Minimum Use fees or Payment fees! Transmission and distribution charges passed through at cost. Please refer to the Electricity Facts Label for additional details. Call our Customer Hotline at (866) 327-0839 to sign up today!",https://webs.amigoenergy.com/Generate_Docs/Generate_EflLinks.aspx?RID=FgT+yfXDR10=&RCID=rv5fvOkFHh4=&L=6f+Ch9flI7k=,https://amigoenergy.com/lp/ptc/?utm_source=powertochoose&utm_medium=referral&utm_campaign=LT
23995,Reliant Power On 12 Plan,RELIANT,TNMP,FIXED,12,19.8,18.5,17.9,0.0,150.0,24,False,False,Esta oferta es solo para nuevos clientes que se inscriben a través de Power to Choose,https://www.reliant.com/defl/R1F00180021142B.pdf,https://shop.reliant.com/plans-for-you/?tdspCodeCCS=D0003&fromLP=ptc&txtPromocode=WF3713&sid=APTC_1686089562&language_code=es_US&utm_source=None&utm_campaign=Power+To+Choose+Listings&utm_medium=PTC_
24336,Basics PTC - 36,AMIGO ENERGY,TNMP,FIXED,36,18.7,17.9,17.5,0.0,175.0,31,False,False,"Ask for our PTC rates. Lock in your energy rate with no Base Charges, no Minimum Use fees or Payment fees! Transmission and distribution charges passed through at cost. Please refer to the Electricity Facts Label for additional details. Call our Customer Hotline at (866) 327-0839 to sign up today!",https://webs.amigoenergy.com/Generate_Docs/Generate_EflLinks.aspx?RID=iKbu8oNVhHg=&RCID=rv5fvOkFHh4=&L=6f+Ch9flI7k=,https://amigoenergy.com/lp/ptc/?utm_source=powertochoose&utm_medium=referral&utm_campaign=LT
24349,Basics PTC - 24,TARA ENERGY,TNMP,FIXED,24,18.7,17.9,17.5,0.0,175.0,31,False,False,"Ask for our PTC rates. Lock in your energy rate with no Base Charges, no Minimum Use fees or Payment fees! Transmission and distribution charges passed through at cost. Please refer to the Electricity Facts Label for additional details. Call our Customer Hotline at (866) 327-0880 to sign up today!",https://webs.taraenergy.com/Generate_Docs/Generate_EflLinks.aspx?RID=a6q2yx0OMmM=&RCID=cacW2cvK/I0=&L=jfm4E/YMcQk=,https://taraenergy.com/ptc/?utm_source=powertochoose&utm_medium=referral&utm_campaign=LT
24624,Basics PTC - 24,AMIGO ENERGY,TNMP,FIXED,24,18.7,17.9,17.5,0.0,175.0,31,False,False,"Ask for our PTC rates. Lock in your energy rate with no Base Charges, no Minimum Use fees or Payment fees! Transmission and distribution charges passed through at cost. Please refer to the Electricity Facts Label for additional details. Call our Customer Hotline at (866) 327-0839 to sign up today!",https://webs.amigoenergy.com/Generate_Docs/Generate_EflLinks.aspx?RID=Oxim7uXg5Ag=&RCID=rv5fvOkFHh4=&L=6f+Ch9flI7k=,https://amigoenergy.com/lp/ptc/?utm_source=powertochoose&utm_medium=referral&utm_campaign=LT
24635,Sustainable Days Bundle - 3,JUST ENERGY,TNMP,FIXED,3,14.099999999999998,12.9,12.3,0.0,175.0,31,False,True,FREE electricity from 9:00 AM to 4:00 PM daily. A one-month GoodBundle setup and carbon offset purchase of $49.99 is required to enroll. Call (866) 327-0821 to enroll!,https://webs.justenergydeals.com/Generate_Docs/Generate_EflLinks.aspx?RID=SUr1WrpJPFU=&RCID=gNASPlhlupI=&L=6f+Ch9flI7k=,https://justenergy.com/affiliatepartner/ptcsl/?utm_source=powertochoose&utm_medium=referral&utm_campaign=ST
24683,Basics PTC - 60,JUST ENERGY,TNMP,FIXED,60,18.7,17.9,17.5,0.0,175.0,31,False,False,"Ask for our PTC rates. Lock in your energy rate with no Base Charges, no Minimum Use fees or Payment fees! Transmission and distribution charges passed through at cost. Please refer to the Electricity Facts Label for additional details. Call our Customer Hotline at (866) 327-0821 to sign up today!",https://webs.justenergydeals.com/Generate_Docs/Generate_EflLinks.aspx?RID=IIbX7HYX5+A=&RCID=gNASPlhlupI=&L=jfm4E/YMcQk=,https://justenergy.com/affiliatepartner/ptc/?utm_source=powertochoose&utm_medium=referral&utm_campaign=LT
26033,Autopay Texas 18,DIRECT ENERGY,TNMP,FIXED,18,20.0,18.7,18.099999999999998,0.0,180.0,24,False,False,"Lock in a fixed Texas energy rate for 18 months! Monthly base charge $4.95. For new customers only. If you stop Auto Pay at any time during your contract, you will be charged an AutoPay Breakage Fee of $5/month. If you cancel your plan early, you will be charged a $180 early termination fee. Terms and conditions apply.",https://documents.directenergy.com/dynamic/efl/D1F00171873986B.pdf,https://shop.directenergy.com/tx/product-chart-tabs?tdspCode=D0003&promo_code=WHPGCD&sid=APTC_1726591058&utm_campaign=PTC&utm_medium=PTC_&utm_source=PowerToChoose
26120,Frontier Power Saver 6,FRONTIER UTILITIES,TNMP,FIXED,6,13.900000000000002,13.100000000000001,12.7,0.0,150.0,30,False,False,This offer is for new customers only who enroll through the Power to Choose website.,https://eflviewer.frontierutilities.com/eflviewer.aspx?lang=EN&prodcode=FPOWSVR06&tdspcode=TNMP,https://newenroll.frontierutilities.com/?refid=PTCFPS06&ul=1000&tdsp=TNMP
26141,Gexa Eco Choice 12,GEXA ENERGY,TNMP,FIXED,12,16.3,15.5,15.1,0.0,150.0,100,False,False,Lock in a great fixed rate plan. |Free online bill pay and automatic billing options are also available.|This offer is for new customers only who enroll through the Power to Choose website.,https://eflviewer.gexaenergy.com/eflviewer.aspx?lang=EN&prodcode=GXAECOCHI12&tdspcode=TNMP,https://newenroll.gexaenergy.com/?refid=PTC_EcoChoice12&ul=1000&tdsp=TNMP
26306,Octo Green 12,Octopus Energy,TNMP,FIXED,12,21.6,20.8,20.4,0.0,150.0,100,False,False,"An energy plan that combines technology and green energy! Sign up and connect your qualifying smart device (thermostat or electric vehicle (EV)) to our Intelligent Octopus feature through our App for a lower Octopus Energy Charge. If no qualifying smart device is connected then the default Octopus Energy Charge shall apply. Please review to the Electricity Facts Label for additional details. More information on Intelligent Octopus terms and conditions can be found at https://assets.octopusenergy.com/x/e71b875d6d/intelligent-octopus-en.pdf. Interested in qualifying for the discounted rate, call one of our Energy Specials at (833) 628-6888! Qualifying smart thermostats include: Amazon, Honeywell, ecobee and Sensi. Qualifying EVs include: BMW, Tesla, Audi, Mini Cooper, Volkswagen, Porsche, Ford, and Jaguar.",https://octopusenergy.com/efl?id=340&service-provider=TNMP&load-zone=LZ_WEST&lang=en,https://octopusenergy.com/affiliate/ptc
26341,Choose 12,SPARK ENERGY LLC,TNMP,FIXED,12,18.6,17.8,17.4,0.0,100.0,35,False,False,,https://www.sparkenergy.com/products-and-services/?getproductpdf=1&PromotionCode=PTC&ProductID=148469&type=EFL&title=Electricity+Facts+Label&language=english,https://www.sparkenergy.com/products-and-services/?PromotionCode=PTC
26344,Choose 15,SPARK ENERGY LLC,TNMP,FIXED,15,18.7,17.9,17.5,0.0,100.0,35,False,False,,https://www.sparkenergy.com/products-and-services/?getproductpdf=1&PromotionCode=PTC&ProductID=148474&type=EFL&title=Electricity+Facts+Label&language=english,https://www.sparkenergy.com/products-and-services/?PromotionCode=PTC
26811,Reliant Power on 36 Plan,RELIANT,TNMP,FIXED,36,19.8,18.5,17.9,0.0,395.0,24,False,False,This offer is for new customers only who enroll through Power to Choose,https://www.reliant.com/defl/R1F00180021181B.pdf,https://shop.reliant.com/plans-for-you/?tdspCodeCCS=D0003&fromLP=ptc&txtPromocode=WF3713&sid=APTC_1686089562&utm_source=None&utm_campaign=Power+To+Choose+Listings&utm_medium=PTC_
26876,Autopay Texas 24,DIRECT ENERGY,TNMP,FIXED,24,20.200000000000003,18.9,18.3,0.0,295.0,24,False,False,"Lock in a fixed Texas energy rate for 24 months! Monthly base charge $4.95. For new customers only. If you stop Auto Pay at any time during your contract, you will be charged an AutoPay Breakage Fee of $5/month. If you cancel your plan early, you will be charged a $135 early termination fee. Terms and conditions apply.",https://documents.directenergy.com/dynamic/efl/D1F00171874059B.pdf,https://shop.directenergy.com/tx/product-chart-tabs?tdspCode=D0003&promo_code=WHPGCD&sid=APTC_1726591058&utm_campaign=PTC&utm_medium=PTC_&utm_source=PowerToChoose
26886,Autopay Texas 36,DIRECT ENERGY,TNMP,FIXED,36,20.3,19.0,18.4,0.0,295.0,24,False,False,"Lock in a fixed Texas energy rate for 36 months! Monthly base charge $4.95. For new customers only. If you stop Auto Pay at any time during your contract, you will be charged an AutoPay Breakage Fee of $5/month. If you cancel your plan early, you will be charged a $135 early termination fee. Terms and conditions apply.",https://documents.directenergy.com/dynamic/efl/D1F00171873870B.pdf,https://shop.directenergy.com/tx/product-chart-tabs?tdspCode=D0003&promo_code=WHPGCD&sid=APTC_1726591058&utm_campaign=PTC&utm_medium=PTC_&utm_source=PowerToChoose
27047,Pollution Free e-Plus 36 Choice,GREEN MOUNTAIN ENERGY COMPANY,TNMP,FIXED,36,20.7,19.400000000000002,18.8,0.0,395.0,100,False,False,Sign up for 100% Pollution Free Electricity today! This plan requires you to enroll in Tree Free billing and Auto Pay at greenmountain.com/myaccount within thirty (30) days of your service start date. Additional terms and conditions apply. See order confirmation page for details.,https://signup.greenmountain.com/defl/G1F00172600831B.pdf,https://shop.greenmountainenergy.com/texas/home-energy-solutions/products/?tdspCodeCCS=D0003&fromLP=ptc&txtPromocode=WA0TEZ&sid=APTC_1726590650&utm_campaign=PTC&utm_medium=PTC_&utm_source=PowerToChoose
27023,True Value 24,TRUE POWER,TNMP,FIXED,24,16.6,15.8,15.4,0.0,300.0,15,False,False,,https://truepowerefl.com/eflportal/efl/view/TNMP/788,https://truepower.com/partner/ptc/
27018,True Value 16,TRUE POWER,TNMP,FIXED,16,17.7,16.900000000000002,16.5,0.0,300.0,15,False,False,,https://truepowerefl.com/eflportal/efl/view/TNMP/821,https://truepower.com/partner/ptc/
27133,True Value 36,TRUE POWER,TNMP,FIXED,36,16.7,15.9,15.5,0.0,300.0,15,False,False,,https://truepowerefl.com/eflportal/efl/view/TNMP/795,https://truepower.com/partner/ptc/
27134,True Value 12,TRUE POWER,TNMP,FIXED,12,16.1,15.299999999999999,14.899999999999999,0.0,300.0,15,False,False,,https://truepowerefl.com/eflportal/efl/view/TNMP/786,https://truepower.com/partner/ptc/
27147,True Value 28,TRUE POWER,TNMP,FIXED,28,16.7,15.9,15.5,0.0,300.0,15,False,False,,https://truepowerefl.com/eflportal/efl/view/spanish/TNMP/822,https://truepower.com/partner/ptc/
27517,Branch Fixed 12,BRANCH ENERGY (TEXAS) LLC,TNMP,FIXED,12,18.4,17.599999999999998,17.2,0.0,120.0,100,False,False,"Heads up, this is a special rate only available to the savvy shoppers on Power to Choose. To guarantee you receive this rate, please click through to our website using the Sign Up button.  At Branch Energy our mission is to make the right thing and the easy thing, the same thing. That means that Branch is a great choice for your wallet and for the planet. Enjoy a low, fixed rate on energy that comes from 100% renewable sources and customer service that *actually* cares. Oh, and we plant a tree on your behalf for every month that you’re a Branch customer so you can brag to your friends about how you’re reforesting Texas one tree at a time.",https://assets.oak.phloem.io/docs/c3be8432-16ae-40e6-af59-f46a74a8b011/html,https://signup.branchenergy.com/?utm_source=ptc
27203,Connect & Save 12 -      Save Energy. Get Paid.,OhmConnect Energy,TNMP,FIXED,12,18.0,17.2,16.8,0.0,150.0,26,False,False,Choose the energy company that pays you! Sign up for a low rate and earn rewards when you participate in our energy-saving events. Automate and earn more rewards with smart home devices after you sign up! Learn more at: tx.ohmconnect.com,https://bit.ly/45uwKZF,https://www.ohmconnect.com/texas/?aid=736101&lsid=2&campaign=ptc&locale=en
27254,Connect & Save 12,OhmConnect Energy,TNMP,FIXED,12,18.0,17.2,16.8,0.0,150.0,26,False,False,¡Elige la compañía de energía que le paga! Inscríbase para obtener una tarifa baja y gane recompensas cuando participe en nuestros eventos de ahorro de energía. ¡Automatice y gane más con dispositivos domésticos inteligentes después de registrarse! Mas informes en: tx.ohmconnect.com,https://bit.ly/4sEZ4CX,https://www.ohmconnect.com/texas/?aid=736101&lsid=2&campaign=ptc&locale=es
27789,Autopay Texas 12,DIRECT ENERGY,TNMP,FIXED,12,20.0,18.7,18.099999999999998,0.0,150.0,24,False,False,"Lock in a fixed Texas energy rate for 12 months! Monthly base charge $4.95. For new customers only. If you stop Auto Pay at any time during your contract, you will be charged an AutoPay Breakage Fee of $5/month. If you cancel your plan early, you will be charged a $150 early termination fee. Terms and conditions apply.",https://documents.directenergy.com/dynamic/efl/D1F00171873918B.pdf,https://shop.directenergy.com/tx/product-chart-tabs?tdspCode=D0003&promo_code=WHPGCD&sid=APTC_1726591058&utm_campaign=PTC&utm_medium=PTC_&utm_source=PowerToChoose
27835,Embrace Green 6 - New Customer Special,CleanSky Energy,TNMP,FIXED,6,14.6,13.8,13.4,0.0,75.0,100,False,False,This plan is for new customers only. Autopay is required. Please enroll through the PowertoChoose sign up link. Have a question about a plan or need help placing an order? Call us: 1-888-733-5557 | Email us: CustomerCare@CleanSkyEnergy.com,https://rates.titangasandpower.com/Frontend/DownloadDoc?path=713d3819-505d-49df-bfd8-be71a9c6d2c7.html&id_plan=555542,https://signup.cleanskyenergy.com/rates?utility_id=116&promocode=PTCHOOSETX
27837,Embrace Green 12 - New Customer Special,CleanSky Energy,TNMP,FIXED,12,16.400000000000002,15.6,15.2,0.0,150.0,100,False,False,This plan is for new customers only. Autopay is required. Please enroll through the PowertoChoose sign up link. Have a question about a plan or need help placing an order? Call us: 1-888-733-5557 | Email us: CustomerCare@CleanSkyEnergy.com,https://rates.titangasandpower.com/Frontend/DownloadDoc?path=713d3819-505d-49df-bfd8-be71a9c6d2c7.html&id_plan=555544,https://signup.cleanskyenergy.com/rates?utility_id=116&promocode=PTCHOOSETX
27839,Embrace Green 24 - New Customer Special,CleanSky Energy,TNMP,FIXED,24,16.7,15.9,15.5,0.0,225.0,100,False,False,This plan is for new customers only. Autopay is required. Please enroll through the PowertoChoose sign up link. Have a question about a plan or need help placing an order? Call us: 1-888-733-5557 | Email us: CustomerCare@CleanSkyEnergy.com,https://rates.titangasandpower.com/Frontend/DownloadDoc?path=713d3819-505d-49df-bfd8-be71a9c6d2c7.html&id_plan=555545,https://signup.cleanskyenergy.com/rates?utility_id=116&promocode=PTCHOOSETX
27884,Simple Switch 5,CONSTELLATION NEWENERGY INC,TNMP,FIXED,5,15.4,14.6,14.2,0.0,50.0,26,False,False,Esta oferta es solo para clientes nuevos que se inscriban a través del sitio Power to Choose. ¡Vea nuestras otras excelentes tarifas disponibles! https://www.constellation.com/,https://www.constellation.com/bin/residential/GetContractVersionPDF?versionNum=4906395,https://www.constellation.com/content/constellation/en/campaigns/powertochoose.html?UTM_source=powertochoose.org&UTM_medium=referral
27896,Embrace Green 36 - New Customer Special,CleanSky Energy,TNMP,FIXED,36,16.7,15.9,15.5,0.0,275.0,100,False,False,This plan is for new customers only. Autopay is required. Please enroll through the PowertoChoose sign up link. Have a question about a plan or need help placing an order? Call us: 1-888-733-5557 | Email us: CustomerCare@CleanSkyEnergy.com,https://rates.titangasandpower.com/Frontend/DownloadDoc?path=713d3819-505d-49df-bfd8-be71a9c6d2c7.html&id_plan=555546,https://signup.cleanskyenergy.com/rates?utility_id=116&promocode=PTCHOOSETX
28120,Reliant Power On 18,RELIANT,TNMP,FIXED,18,19.6,18.3,17.7,0.0,180.0,15,False,False,This offer is for new customers only who enroll through Power to Choose,https://www.reliant.com/defl/R1F00180021161B.pdf,http://www.reliant.com/public/startOEProcess.htm?tdspCodeCCS=D0003&fromLP=ptc&txtPromocode=WF3713&sid=A3P_1562314131
28207,Frontier Power Saver 12,FRONTIER UTILITIES,TNMP,FIXED,12,16.2,15.4,15.0,0.0,150.0,30,False,False,This offer is for new customers only who enroll through the Power to Choose website.,https://eflviewer.frontierutilities.com/eflviewer.aspx?lang=EN&prodcode=FPOWSVR12&tdspcode=TNMP,https://newenroll.frontierutilities.com/?refid=PTCFPS12&ul=1000&tdsp=TNMP
28244,GoodEnergy 24,GOOD CHARLIE & CO LLC,TNMP,FIXED,24,18.7,17.4,16.8,0.0,,26,False,False,Includes FREE 24/7 unlimited access to licensed veterinarians and $750 to fund an emergency vet bill. Covers up to 5 pets.  Plan requires paperless billing and communication.,https://api.goodcharlie.com/products/2047/EFL/TNMP/latest/en,https://goodcharlie.me/PTC-GoodEnergy24-TNMP
28290,GoodEnergy 12,GOOD CHARLIE & CO LLC,TNMP,FIXED,12,18.5,17.2,16.6,0.0,,26,False,False,Includes FREE 24/7 unlimited access to licensed veterinarians and $750 to fund an emergency vet bill. Covers up to 5 pets.  Plan requires paperless billing and communication.,https://api.goodcharlie.com/products/2046/EFL/TNMP/latest/en,https://goodcharlie.me/PTC-GoodEnergy12-TNMP
28291,GoodEnergy 36,GOOD CHARLIE & CO LLC,TNMP,FIXED,36,18.9,17.599999999999998,17.0,0.0,,26,False,False,Includes FREE 24/7 unlimited access to licensed veterinarians and $750 to fund an emergency vet bill. Covers up to 5 pets.  Plan requires paperless billing and communication.,https://api.goodcharlie.com/products/2048/EFL/TNMP/latest/en,https://goodcharlie.me/PTC-GoodEnergy36-TNMP
28408,Connect & Save 24 -      Save Energy. Get Paid.,OhmConnect Energy,TNMP,FIXED,24,18.2,17.5,17.1,0.0,250.0,26,False,False,Choose the energy company that pays you! Sign up for a low rate and earn rewards when you participate in our energy-saving events. Automate and earn more rewards with smart home devices after you sign up! Learn more at: tx.ohmconnect.com,https://bit.ly/3NspsPW,https://www.ohmconnect.com/texas/?aid=736101&lsid=2&campaign=ptc&locale=en
28525,Connect & Save 36 -      Save Energy. Get Paid.,OhmConnect Energy,TNMP,FIXED,36,18.4,17.599999999999998,17.2,0.0,250.0,26,False,False,Choose the energy company that pays you! Sign up for a low rate and earn rewards when you participate in our energy-saving events. Automate and earn more rewards with smart home devices after you sign up! Learn more at: tx.ohmconnect.com,https://bit.ly/4946W9d,https://www.ohmconnect.com/texas/?aid=736101&lsid=2&campaign=ptc&locale=en
28719,Gexa Eco Choice Plus 12,GEXA ENERGY,TNMP,FIXED,12,16.8,15.5,14.899999999999999,0.0,150.0,100,False,False,Lock in a great fixed rate plan. |Free online bill pay and automatic billing options are also available. |This offer is for customers who enroll through the Power to Choose website.,https://eflviewer.gexaenergy.com/eflviewer.aspx?lang=EN&prodcode=GXAECOCHIPLS12&tdspcode=TNMP,https://newenroll.gexaenergy.com/?refid=PTC_EcoChoicePls12&ul=1000&tdsp=TNMP
28764,GoodEnergy 16,GOOD CHARLIE & CO LLC,TNMP,FIXED,16,18.2,16.900000000000002,16.3,0.0,,26,False,False,"Incluye acceso ilimitado GRATUITO las 24 horas del día, los 7 días de la semana a veterinarios con licencia y $750 para financiar una factura veterinaria de emergencia. Cubre hasta 5 mascotas. Este plan requiere facturación y comunicación sin papel.",https://api.goodcharlie.com/products/2117/EFL/Centerpoint/latest/es,https://goodcharlie.me/PTC-GoodEnergy16-TNMP
28827,Connect & Save 24,OhmConnect Energy,TNMP,FIXED,24,18.2,17.5,17.1,0.0,250.0,26,False,False,¡Elige la compañía de energía que le paga! Inscríbase para obtener una tarifa baja y gane recompensas cuando participe en nuestros eventos de ahorro de energía. ¡Automatice y gane más con dispositivos domésticos inteligentes después de registrarse! Mas informes en: tx.ohmconnect.com,https://bit.ly/4jxIyjN,https://www.ohmconnect.com/texas/?aid=736101&lsid=2&campaign=ptc&locale=es
29215,Choose 6,SPARK ENERGY LLC,TNMP,FIXED,6,16.7,15.9,15.5,0.0,100.0,35,False,False,,https://www.sparkenergy.com/products-and-services/?getproductpdf=1&PromotionCode=PTC&ProductID=150857&type=EFL&title=Electricity+Facts+Label&language=spanish,https://www.sparkenergy.com/products-and-services/?PromotionCode=PTC
29052,Connect & Save 36,OhmConnect Energy,TNMP,FIXED,36,18.4,17.599999999999998,17.2,0.0,250.0,26,False,False,¡Elige la compañía de energía que le paga! Inscríbase para obtener una tarifa baja y gane recompensas cuando participe en nuestros eventos de ahorro de energía. ¡Automatice y gane más con dispositivos domésticos inteligentes después de registrarse! Mas informes en: tx.ohmconnect.com,https://bit.ly/3YUSBWy,https://www.ohmconnect.com/texas/?aid=736101&lsid=2&campaign=ptc&locale=es
29231,Tarifa Fija y Inteligente - 12,Ranchero Power,TNMP,FIXED,12,17.8,16.5,15.9,0.0,179.0,6,False,False,Solo para clientes nuevos y recurrentes.,https://bit.ly/49I6gXd,http://www.rancheropower.com
29227,Smart & Fixed - 12,Ranchero Power,TNMP,FIXED,12,17.8,16.5,15.9,0.0,179.0,6,False,False,New and returning customers only.,https://bit.ly/3N6vV37,http://Rancheropower.com
29237,Tarifa Fija y Inteligente – 36,Ranchero Power,TNMP,FIXED,36,17.8,16.5,15.9,0.0,179.0,6,False,False,,https://bit.ly/49l9M8x,http://www.rancheropower.com
29242,Tarifa Fija y Inteligente – 3,Ranchero Power,TNMP,FIXED,3,14.099999999999998,12.8,12.2,0.0,179.0,6,False,False,,https://bit.ly/3YtR1Li,http://www.rancheropower.com
29247,Tarifa Fija y Inteligente - 6,Ranchero Power,TNMP,FIXED,6,15.9,14.6,14.000000000000002,0.0,179.0,6,False,False,Solo para clientes nuevos y recurrentes.,https://bit.ly/44VPMZ0,http://Rancheropower.com
29252,Ranchero Fija y Inteligente - 18,Ranchero Power,TNMP,FIXED,18,17.2,15.9,15.299999999999999,0.0,179.99,6,False,False,,https://bit.ly/4stHfX3,
29257,Ranchero Smart & Fixed - 18,Ranchero Power,TNMP,FIXED,18,17.2,15.9,15.299999999999999,0.0,179.99,6,False,False,,https://bit.ly/4aSYDhT,http://Rancheropower.com
29269,Smart & Fixed - 3,Ranchero Power,TNMP,FIXED,3,14.099999999999998,12.8,12.2,0.0,179.0,6,False,False,,https://bit.ly/4svXQJY,http://Rancheropower.com
29274,Ranchero Smart & Fixed - 6,Ranchero Power,TNMP,FIXED,6,15.9,14.6,14.000000000000002,0.0,179.0,6,False,False,New and returning customers only.,https://bit.ly/49uW7Mo,http://Rancheropower.com
29279,Smart & Fixed - 36,Ranchero Power,TNMP,FIXED,36,17.8,16.5,15.9,0.0,179.0,6,False,False,,https://bit.ly/49rFVLW,http://Rancheropower.com
29289,SoFed Better Rate - 6,SOUTHERN FEDERAL POWER LLC,TNMP,FIXED,6,15.8,14.499999999999998,13.900000000000002,0.0,249.0,6,False,False,,https://bit.ly/45AZjVl,http://southernfederal.com
29291,SoFed Mejor Tarifa – 6,SOUTHERN FEDERAL POWER LLC,TNMP,FIXED,6,15.8,14.499999999999998,13.900000000000002,0.0,249.0,6,False,False,,https://bit.ly/4jsZjg7,http://www.southernfederal.com
29299,SoFed Better Rate - 36,SOUTHERN FEDERAL POWER LLC,TNMP,FIXED,36,17.7,16.400000000000002,15.8,0.0,249.0,6,False,False,,https://bit.ly/4jsCIA9,http://southernfederal.com
29303,SoFed Mejor Tarifa – 36,SOUTHERN FEDERAL POWER LLC,TNMP,FIXED,36,17.7,16.400000000000002,15.8,0.0,249.0,6,False,False,,https://bit.ly/4b6aQQr,http://www.southernfederal.com
29309,SoFed Better Rate - 3,SOUTHERN FEDERAL POWER LLC,TNMP,FIXED,3,14.000000000000002,12.7,12.1,0.0,249.0,6,False,False,,https://bit.ly/4sKzU5Q,
29319,SoFed Mejor Tarifa – 12,SOUTHERN FEDERAL POWER LLC,TNMP,FIXED,12,17.7,16.400000000000002,15.8,0.0,249.0,6,False,False,Solo para clientes nuevos y recurrentes.,https://bit.ly/49843Em,http://www.southernfederal.com
29327,SoFed Better Rate - 12,SOUTHERN FEDERAL POWER LLC,TNMP,FIXED,12,17.7,16.400000000000002,15.8,0.0,249.0,6,False,False,New and returning customers only.,https://bit.ly/4bsGpnk,http://www.southernfederal.com/
29328,SoFed Mejor Tarifa – 3,SOUTHERN FEDERAL POWER LLC,TNMP,FIXED,3,14.000000000000002,12.7,12.1,0.0,249.0,6,False,False,,https://bit.ly/4spAqG1,
29351,SoFed Better Rate - 18,SOUTHERN FEDERAL POWER LLC,TNMP,FIXED,18,17.1,15.8,15.2,0.0,249.0,6,False,False,,https://bit.ly/49b6SVg,https://southernfederal.com
29483,Daisy 12,BKV Energy,TNMP,FIXED,12,16.8,16.0,15.6,0.0,,29,False,False,"Simple and affordable fixed-rate electricity with no hidden fees like base charges, usage fees, setup fees, or bundle fees. Plus, no gimmicks or confusing fine print. This plan is for new customers only who enroll through the Power To Choose website. Sign up today!",https://enroll.bkvenergy.com/Home/EFL?productCode=RN00001184&promo=&term=12,https://enroll.bkvenergy.com/?promo=PTCALL0001
29510,Sure Value 36,TRIEAGLE ENERGY LP,TNMP,FIXED,36,19.900000000000002,16.400000000000002,17.599999999999998,0.0,,3,False,False,"Our rates are transparent. No hidden fees or minimum usage penalties. TDU delivery charges are built into the rates at no markup, so there’s no guessing about what you pay.",https://shopping.trieagleenergy.com/PDFGenerator?formType=EnergyFactsLabel&comProdId=NMXTESRVALC36AA&tdsp=TNMPOWER&lang=en&custClass=Residential,https://www.trieagleenergy.com/PTC
29538,SoFed Mejor Tarifa – 18,SOUTHERN FEDERAL POWER LLC,TNMP,FIXED,18,17.1,15.8,15.2,0.0,249.0,6,False,False,Solo para clientes nuevos y recurrentes.,https://bit.ly/4jsZqZ5,http://southernfederal.com
30351,Stars and Stripes 9,REVOLUTION ENERGY LLC,TNMP,FIXED,9,17.8,16.7,16.1,0.0,175.0,26,False,False,"Affordable, hassle-free energy from Revolution Energy, the company that has your back. Offer only available for new Revolution Energy customers. This plan is not eligible to be used in conjunction with any referral or promotional codes.",https://e966f83b313c3b45ede3-64a631b37f7b69cdf842d11bca52af9c.ssl.cf5.rackcdn.com//202601/EFL-20260107-155000-TNMPH-Stars and Stripes 9 (English).pdf,https://www.joinarevolution.com/signup/signup-step1/?id=329249&promotion=NONE&valid=N&referral=&landingpage=ptc
30391,Stars and Stripes 12,REVOLUTION ENERGY LLC,TNMP,FIXED,12,17.0,15.8,15.2,0.0,200.0,26,False,False,"Affordable, hassle-free energy from Revolution Energy, the company that has your back. Offer only available for new Revolution Energy customers. This plan is not eligible to be used in conjunction with any referral or promotional codes.",https://e966f83b313c3b45ede3-64a631b37f7b69cdf842d11bca52af9c.ssl.cf5.rackcdn.com//202601/EFL-20260107-155000-TNMPH-Stars and Stripes 12 (English).pdf,https://www.joinarevolution.com/signup/signup-step1/?id=329214&promotion=NONE&valid=N&referral=&landingpage=ptc
30431,Stars and Stripes 18,REVOLUTION ENERGY LLC,TNMP,FIXED,18,16.8,15.6,15.0,0.0,250.0,26,False,False,"Affordable, hassle-free energy from Revolution Energy, the company that has your back. Offer only available for new Revolution Energy customers. This plan is not eligible to be used in conjunction with any referral or promotional codes.",https://e966f83b313c3b45ede3-64a631b37f7b69cdf842d11bca52af9c.ssl.cf5.rackcdn.com//202601/EFL-20260107-155000-TNMPH-Stars and Stripes 18 (English).pdf,https://www.joinarevolution.com/signup/signup-step1/?id=329219&promotion=NONE&valid=N&referral=&landingpage=ptc
30511,Stars and Stripes 24,REVOLUTION ENERGY LLC,TNMP,FIXED,24,17.299999999999997,16.1,15.6,0.0,300.0,26,False,False,"Affordable, hassle-free energy from Revolution Energy, the company that has your back. Offer only available for new Revolution Energy customers. This plan is not eligible to be used in conjunction with any referral or promotional codes.",https://e966f83b313c3b45ede3-64a631b37f7b69cdf842d11bca52af9c.ssl.cf5.rackcdn.com//202601/EFL-20260107-155000-TNMPH-Stars and Stripes 24 (English).pdf,https://www.joinarevolution.com/signup/signup-step1/?id=329229&promotion=NONE&valid=N&referral=&landingpage=ptc
30602,Stars and Stripes 36,REVOLUTION ENERGY LLC,TNMP,FIXED,36,17.5,16.3,15.7,0.0,375.0,26,False,False,"Affordable, hassle-free energy from Revolution Energy, the company that has your back. Offer only available for new Revolution Energy customers. This plan is not eligible to be used in conjunction with any referral or promotional codes.",https://e966f83b313c3b45ede3-64a631b37f7b69cdf842d11bca52af9c.ssl.cf5.rackcdn.com//202601/EFL-20260107-155000-TNMPH-Stars and Stripes 36 (English).pdf,https://www.joinarevolution.com/signup/signup-step1/?id=329234&promotion=NONE&valid=N&referral=&landingpage=ptc
31480,Simple Savings 36,TRIEAGLE ENERGY LP,TNMP,FIXED,36,18.2,17.7,17.4,0.0,,3,False,False,"Our rates are transparent. No hidden fees or minimum usage penalties. TDU delivery charges are built into the rates at no markup, so there’s no guessing about what you pay.",https://shopping.trieagleenergy.com/PDFGenerator?formType=EnergyFactsLabel&comProdId=NMXTESMSAVC36AA&tdsp=TNMPOWER&lang=en&custClass=Residential,https://www.trieagleenergy.com/PTC
31492,Simple Savings 12,TRIEAGLE ENERGY LP,TNMP,FIXED,12,17.8,17.299999999999997,17.0,0.0,,3,False,False,"Our rates are transparent. No hidden fees or minimum usage penalties. TDU delivery charges are built into the rates at no markup, so there’s no guessing about what you pay.",https://shopping.trieagleenergy.com/PDFGenerator?formType=EnergyFactsLabel&comProdId=NMXTESMSAVC12AA&tdsp=TNMPOWER&lang=en&custClass=Residential,https://www.trieagleenergy.com/PTC
31505,Simple Green 36,TRIEAGLE ENERGY LP,TNMP,FIXED,36,19.2,18.7,18.4,0.0,,100,False,False,"Our rates are transparent. No hidden fees or minimum usage penalties. TDU delivery charges are built into the rates at no markup, so there’s no guessing about what you pay.",https://shopping.trieagleenergy.com/PDFGenerator?formType=EnergyFactsLabel&comProdId=NMXTESMGRNC36AA&tdsp=TNMPOWER&lang=en&custClass=Residential,https://www.trieagleenergy.com/PTC
31515,Simple Green 12,TRIEAGLE ENERGY LP,TNMP,FIXED,12,18.8,18.3,18.0,0.0,,100,False,False,"Our rates are transparent. No hidden fees or minimum usage penalties. TDU delivery charges are built into the rates at no markup, so there’s no guessing about what you pay.",https://shopping.trieagleenergy.com/PDFGenerator?formType=EnergyFactsLabel&comProdId=NMXTESMGRNC12AA&tdsp=TNMPOWER&lang=en&custClass=Residential,https://www.trieagleenergy.com/PTC
31708,Gexa Eco Choice Plus 6,GEXA ENERGY,TNMP,FIXED,6,14.6,13.3,12.7,0.0,150.0,100,False,False,Lock in a great fixed rate plan. |Free online bill pay and automatic billing options are also available. |This offer is for customers who enroll through the Power to Choose website.,https://eflviewer.gexaenergy.com/eflviewer.aspx?lang=EN&prodcode=GXAECOCHIPLS6&tdspcode=TNMP,https://newenroll.gexaenergy.com/?refid=PTC_EcoChoicePls06&ul=1000&tdsp=TNMP
31831,PTC 12 Month - Postpaid,PAYLESS POWER,TNMP,FIXED,12,19.3,18.5,18.099999999999998,0.0,199.0,26,False,False,Fixed Price for 12 months.  No deposit with approved credit.,https://paylesspower.com/files/92_5_eng.pdf,https://paylesspower.com/?affiliate=487447&planType=2
31833,PTC 6 Month - Postpaid,PAYLESS POWER,TNMP,FIXED,6,18.3,17.5,17.1,0.0,149.0,26,False,False,Fixed Price for 6 months.  No deposit with approved credit.,https://paylesspower.com/files/93_5_eng.pdf,https://paylesspower.com/?affiliate=487447&planType=2
31835,PTC 3 Month - Postpaid,PAYLESS POWER,TNMP,FIXED,3,18.3,17.5,17.1,0.0,99.0,26,False,False,Fixed Price for 3 months.  No deposit with approved credit.,https://paylesspower.com/files/94_5_eng.pdf,https://paylesspower.com/?affiliate=487447&planType=2
31964,Basics PTC - 24,JUST ENERGY,TNMP,FIXED,24,18.7,17.9,17.5,0.0,175.0,31,False,False,"Ask for our PTC rates. Lock in your energy rate with no Base Charges, no Minimum Use fees or Payment fees! Transmission and distribution charges passed through at cost. Please refer to the Electricity Facts Label for additional details. Call our Customer Hotline at (866) 327-0821 to sign up today!",https://webs.justenergydeals.com/Generate_Docs/Generate_EflLinks.aspx?RID=NHOcd2Hkv3E=&RCID=gNASPlhlupI=&L=jfm4E/YMcQk=,https://justenergy.com/affiliatepartner/ptc/?utm_source=powertochoose&utm_medium=referral&utm_campaign=LT
32885,Straight Forward 12,Abundance Energy,TNMP,FIXED,12,17.8,16.5,15.9,0.0,150.0,25,False,False,Go to Abundance Energy website to see all plans and term lengths.,https://api.quextenergy.onproton.io/enrollment/document?template_bucket=abundance-product-templates&template_file=tx/Straightforward_EFL.docx&rate_id=9891,https://join.abundanceenergy.com/?promoCode=PTC
33206,TrueClassic 12,AP GAS & ELECTRIC (TX) LLC,TNMP,FIXED,12,16.7,15.9,15.5,0.0,200.0,6,False,False,Lock in a straightforward fixed rate plan that gives you price security for the next 12 months. Flexible. Affordable. Energy. That's APG&E!,https://artemis-api.apge.com/api/v1/document?documentId=73&offerCode=TXSRB12_TNM_NA_NA_RES_FPR_SD0_T12_NEW,https://www.apge.com/enroll#/offer?offerCode=TXSRB12_TNM_NA_NA_RES_FPR_SD0_T12_NEW&deploymentName=TX%20State%20Rate%20Board
33350,TrueClassic 24,AP GAS & ELECTRIC (TX) LLC,TNMP,FIXED,24,16.8,16.0,15.6,0.0,250.0,6,False,False,Lock in a straightforward fixed rate plan that gives you price security for the next 24 months. Flexible. Affordable. Energy. That's APG&E!,https://artemis-api.apge.com/api/v1/document?documentId=73&offerCode=SRBTX_TNM_NA_NA_RES_FPR_SD0_T24_NEW,https://www.apge.com/enroll#/offer?offerCode=SRBTX_TNM_NA_NA_RES_FPR_SD0_T24_NEW&deploymentName=TX%20State%20Rate%20Board
33468,TrueClassic 3,AP GAS & ELECTRIC (TX) LLC,TNMP,FIXED,3,14.099999999999998,13.3,12.9,0.0,150.0,6,False,False,Lock in a straightforward fixed rate plan that gives you price security for the next 3 months. Flexible. Affordable. Energy. That's APG&E!,https://artemis-api.apge.com/api/v1/document?documentId=73&offerCode=SRBTX_TNM_NA_NA_RES_FPR_SD0_T3_NEW,https://www.apge.com/enroll#/offer?offerCode=SRBTX_TNM_NA_NA_RES_FPR_SD0_T3_NEW&deploymentName=TX%20State%20Rate%20Board
33741,Value Edge 12,TXU ENERGY,TNMP,FIXED,12,22.3,15.5,20.0,0.0,150.0,3,False,False,"El precio real promedio por kWh para el servicio de electricidad dependerá de su consumo. La única circunstancia en la que el precio podría cambiar durante el plazo mínimo de 12 meses sería para reflejar cambios reales en las leyes o cargos reglamentarios, como se describen en la EFL.",https://residential.txu.com/Handlers/PDFGenerator.ashx?comProdId=NMX50VALED12AC&lang=es&formType=EnergyFactsLabel&custClass=3&tdsp=TNMPOWER,https://www.txu.com/ptc/valueedge12
33742,Simple Value 12,TXU ENERGY,TNMP,FIXED,12,20.200000000000003,18.4,17.5,0.0,150.0,3,False,False,"El precio real promedio por kWh para el servicio de electricidad dependerá de su consumo. La única circunstancia en la que el precio podría cambiar durante el plazo mínimo de 12 meses sería para reflejar cambios reales en las leyes o cargos reglamentarios, como se describen en la EFL.",https://residential.txu.com/Handlers/PDFGenerator.ashx?comProdId=NMXSIMVL1212AM&lang=es&formType=EnergyFactsLabel&custClass=3&tdsp=TNMPOWER,https://www.txu.com/ptc/simplevalue12
33815,Essential Infusion 3,INFUSE ENERGY,TNMP,FIXED,3,13.8,12.8,12.3,0.0,100.0,26,False,False,"Affordable, hassle-free energy from Infuse Energy, the company that has your back. Offer only available for new Infuse Energy customers. This plan is not eligible to be used in conjunction with any referral or promotional codes.",https://88fd201f32c53c2bd0fb-11ba98ed637230a2314ec7c228a44bda.ssl.cf5.rackcdn.com/202601/EFL-20260107-144900-TNMPH-Essential Infusion 3 (English).pdf,https://www.infuseenergy.com/signup/signup-step1/?id=1623017&promotion=NONE&valid=N&referral=&landingpage=ptc
33855,Essential Infusion 6,INFUSE ENERGY,TNMP,FIXED,6,14.799999999999999,13.8,13.4,0.0,150.0,26,False,False,"Affordable, hassle-free energy from Infuse Energy, the company that has your back. Offer only available for new Infuse Energy customers. This plan is not eligible to be used in conjunction with any referral or promotional codes.",https://88fd201f32c53c2bd0fb-11ba98ed637230a2314ec7c228a44bda.ssl.cf5.rackcdn.com/202601/EFL-20260107-144900-TNMPH-Essential Infusion 6 (English).pdf,https://www.infuseenergy.com/signup/signup-step1/?id=1623022&promotion=NONE&valid=N&referral=&landingpage=ptc
33935,Essential Infusion 12,INFUSE ENERGY,TNMP,FIXED,12,16.8,15.8,15.299999999999999,0.0,200.0,26,False,False,"Affordable, hassle-free energy from Infuse Energy, the company that has your back. Offer only available for new Infuse Energy customers. This plan is not eligible to be used in conjunction with any referral or promotional codes.",https://88fd201f32c53c2bd0fb-11ba98ed637230a2314ec7c228a44bda.ssl.cf5.rackcdn.com/202601/EFL-20260107-144900-TNMPH-Essential Infusion 12 (English).pdf,https://www.infuseenergy.com/signup/signup-step1/?id=1622992&promotion=NONE&valid=N&referral=&landingpage=ptc
34111,Essential Infusion 36,INFUSE ENERGY,TNMP,FIXED,36,17.299999999999997,16.3,15.8,0.0,375.0,26,False,False,"Affordable, hassle-free energy from Infuse Energy, the company that has your back. Offer only available for new Infuse Energy customers. This plan is not eligible to be used in conjunction with any referral or promotional codes.",https://88fd201f32c53c2bd0fb-11ba98ed637230a2314ec7c228a44bda.ssl.cf5.rackcdn.com/202601/EFL-20260107-144900-TNMPH-Essential Infusion 36 (English).pdf,https://www.infuseenergy.com/signup/signup-step1/?id=1623012&promotion=NONE&valid=N&referral=&landingpage=ptc
34305,Essential Infusion 24,INFUSE ENERGY,TNMP,FIXED,24,17.1,16.1,15.7,0.0,300.0,26,False,False,"Affordable, hassle-free energy from Infuse Energy, the company that has your back. Offer only available for new Infuse Energy customers. This plan is not eligible to be used in conjunction with any referral or promotional codes.",https://88fd201f32c53c2bd0fb-11ba98ed637230a2314ec7c228a44bda.ssl.cf5.rackcdn.com/202601/EFL-20260107-144900-TNMPH-Essential Infusion 24 (Spanish).pdf,https://www.infuseenergy.com/signup/signup-step1/?id=1623007&promotion=NONE&valid=N&referral=&landingpage=ptc
34400,No Gimmicks 12,Budget Power,TNMP,FIXED,12,16.0,15.2,14.899999999999999,0.0,100.0,35,False,False,Promo Code PTC,https://signup.budgetpowertx.com/Home/EFL?productId=33621&Promo=,https://signup.budgetpowertx.com/Home/index?ProductCode=RN12000011&Promo=PTC
34401,No Gimmicks 18,Budget Power,TNMP,FIXED,18,15.6,14.799999999999999,14.499999999999998,0.0,125.0,35,False,False,,https://signup.budgetpowertx.com/Home/EFL?productId=33601&Promo=,https://signup.budgetpowertx.com/Home/index?ProductCode=RN18000007&Promo=PTC
34402,No Gimmicks 24,Budget Power,TNMP,FIXED,24,16.5,15.7,15.4,0.0,175.0,35,False,False,Promo Code PTC,https://signup.budgetpowertx.com/Home/EFL?productId=33610&Promo=,https://signup.budgetpowertx.com/Home/index?ProductCode=RN24000014&Promo=PTC
34403,No Gimmicks 36,Budget Power,TNMP,FIXED,36,16.6,15.8,15.5,0.0,250.0,35,False,False,Promo Code PTC,https://signup.budgetpowertx.com/Home/EFL?productId=33611&Promo=,https://signup.budgetpowertx.com/Home/index?ProductCode=RN36000012&Promo=PTC
34446,Think Simple 5,Think Energy,TNMP,FIXED,5,16.6,15.299999999999999,14.6,0.0,200.0,25,False,False,New Customers Only.,https://api.thinkenergy.onproton.io/enrollment/get_latest_document?lang=en&product_code=tx.thinksimple.noap.fixed&tdsp_id=8&doc_type=EFL&term=5&promo_code=default,https://www.thinkenergy.com/?utm_source=rateboard&utm_medium=referral&utm_campaign=texas
34482,Think Clean 12,Think Energy,TNMP,FIXED,12,19.0,17.7,17.1,0.0,200.0,100,False,False,Solo para nuevos clientes,https://docs.cloud.thinkenergy.com/EFL/?term=12&duns=007929441&product=tx.thinkclean.noap.fixed&lang=es,https://www.thinkenergy.com/?utm_source=rateboard&utm_medium=referral&utm_campaign=texas
34493,Think Clean 36,Think Energy,TNMP,FIXED,36,19.7,18.5,17.8,0.0,200.0,100,False,False,New Customers Only. Autopay is Required.,https://docs.cloud.thinkenergy.com/EFL/?term=36&duns=007929441&product=tx.thinkclean.ap.fixed&lang=en,https://www.thinkenergy.com/?utm_source=rateboard&utm_medium=referral&utm_campaign=texas
34637,Smart Secure 36,AE TEXAS,TNMP,FIXED,36,17.4,16.6,16.2,0.0,,35,False,False,"Experience peace of mind with our Smarter Secure plan, offering a fixed energy rate and transparent TDU charges passed through with NO MARKUP. No hidden fees, minimum usage, or gimmicks.",https://enroll.aetexasco.com/EmailHTML/efl.aspx?RateID=1946&BrandID=1&PromoCodeID=114,https://enroll.aetexasco.com/Enrollment/Default.aspx?&promoCode=AETXPTC1
34682,Daisy 13,BKV Energy,TNMP,FIXED,13,16.8,16.0,15.6,0.0,,29,False,False,"Simple and affordable fixed-rate electricity with no hidden fees like base charges, usage fees, setup fees, or bundle fees. Plus, no gimmicks or confusing fine print. This plan is for new customers only who enroll through the Power To Choose website. Sign up today!",https://enroll.bkvenergy.com/Home/EFL?productCode=RN00013532&term=13,https://enroll.bkvenergy.com/?promo=PTCALL0001
34729,Bright Nights 12,CHARIOT ENERGY,TNMP,FIXED,12,16.900000000000002,15.1,14.2,0.0,,100,False,True,"Sign-up today and receive regret-free 100% clean renewable energy at prices competitive to traditional power. We’re committed to providing our customers transparency, simplicity and clean energy backed by world class customer experience.• This product requires Autopay & E-bill set up.",https://signup.chariotenergy.com//Home/EFl?productId=41595,https://signup.chariotenergy.com//Home/index?ProductCode=RNR12003362&Promo=GqAtunAVIGY=
34739,Bright Nights 24,CHARIOT ENERGY,TNMP,FIXED,24,17.299999999999997,15.5,14.7,0.0,,100,False,True,"Sign-up today and receive regret-free 100% clean renewable energy at prices competitive to traditional power. We’re committed to providing our customers transparency, simplicity and clean energy backed by world class customer experience..• This product requires Autopay & E-bill set up.",https://signup.chariotenergy.com//Home/EFl?productId=41273,https://signup.chariotenergy.com//Home/index?ProductCode=RNR24001664&Promo=GqAtunAVIGY=
34741,Bright Nights 36,CHARIOT ENERGY,TNMP,FIXED,36,17.5,15.7,14.899999999999999,0.0,,100,False,True,"Sign-up today and receive regret-free 100% clean renewable energy at prices competitive to traditional power. We’re committed to providing our customers transparency, simplicity and clean energy backed by world class customer experience..• This product requires Autopay & E-bill set up.",https://signup.chariotenergy.com//Home/EFl?productId=41605,https://signup.chariotenergy.com//Home/index?ProductCode=RNR36002710&Promo=GqAtunAVIGY=
34708,Think Clean 12 with Smart Thermostat Connected,Think Energy,TNMP,FIXED,12,17.0,16.7,16.6,0.0,200.0,100,False,False,"Connected Thermostat Required, see EFL and Terms of Service for Details",https://docs.cloud.thinkenergy.com/EFL/?term=12&duns=007929441&product=tx.thinkclean.noap.fixed.thermostat&lang=en,https://www.thinkenergy.com/?utm_source=rateboard&utm_medium=referral&utm_campaign=texas
34696,Confident Renter 12,Abundance Energy,TNMP,FIXED,12,17.2,16.400000000000002,16.0,0.0,150.0,25,False,False,Go to Abundance Energy website to see all plans and term lengths.,https://api.quextenergy.onproton.io/enrollment/document?template_bucket=abundance-product-templates&template_file=tx/ConfidentRenter_EFL.docx&rate_id=9884,https://join.abundanceenergy.com/?promoCode=PTC
34779,Daisy 18,BKV Energy,TNMP,FIXED,18,15.6,14.799999999999999,14.399999999999999,0.0,,29,False,False,"Simple and affordable fixed-rate electricity with no hidden fees like base charges, usage fees, setup fees, or bundle fees. Plus, no gimmicks or confusing fine print. This plan is for new customers only who enroll through the Power To Choose website. Sign up today!",https://enroll.bkvenergy.com/Home/EFL?productCode=RN00027076&promo=&term=18,https://enroll.bkvenergy.com/?promo=PTCALL0001
34855,Discount Nights 24,Discount Power,TNMP,FIXED,24,19.7,18.9,18.5,0.0,295.0,24,False,True,"Electronic Billing and auto payment via bank draft, credit card, or debit card available. This offer is for new customers only. Enroll through Power to Choose or by using special promo code; Promo Code Required: WQ4131.",https://www.discountpowertx.com/defl/M1F00181328217A.pdf,https://shop.discountpowertx.com/offer-selection/?txtPromocode=WQ4131&tdspCode=D0003&fromLP=ptc&sid=APTC_1686090020&utm_campaign=Power+To+Choose+Listings&utm_medium=PTC_&utm_source=None
34867,Discount Nights 12,Discount Power,TNMP,FIXED,12,19.2,18.4,18.0,0.0,150.0,24,False,True,Facturacion electronica y pago automatico con targeta de credito / targeta de debito o cuenta bancaria. Esta oferta es solo para nuevos clientes que se inscriban a traves de Power to Choose o utilizando el codigo de promocion especial; Codigo de promocion necesario: WQ4131.,https://www.discountpowertx.com/defl/M1F00176415180B.pdf,https://shop.discountpowertx.com/offer-selection/?txtPromocode=WQ4131&tdspCode=D0003&fromLP=ptc&sid=APTC_1686090020&utm_campaign=Power+To+Choose+Listings&utm_medium=PTC_&utm_source=None
34926,No Bull 36,Energy Texas,TNMP,FIXED,36,16.900000000000002,16.6,16.400000000000002,0.0,,100,False,False,"Straightforward, no B.S. fixed-rate plans built by Texans, for Texans. | Call us at 1-888-512-0330 and sign up today!",https://api.energytexas.com/api/pricing/offers/latest-offers-efl/12913/?locale=en,https://www.energytexas.com/?rcid=power-to-choose&utm_source=powertochoose&utm_campaign=tnmp&utm_medium=state-shopping&utm_term=NB36
34906,No Bull 12,Energy Texas,TNMP,FIXED,12,16.400000000000002,16.1,16.0,0.0,,100,False,False,"Straightforward, no B.S. fixed-rate plans built by Texans, for Texans. | Call us at 1-888-512-0330 and sign up today!",https://api.energytexas.com/api/pricing/offers/latest-offers-efl/12745/?locale=en,https://www.energytexas.com/?rcid=power-to-choose&utm_source=powertochoose&utm_campaign=tnmp&utm_medium=state-shopping&utm_term=NB12
35067,Reliable Fixed 12,NEXTVOLT TEXAS LLC,TNMP,FIXED,12,16.7,15.9,15.5,0.0,149.0,6,False,False,,https://myaccountpage.nextvoltenergy.com/docs/efls/output/20251218_1_RF12-144_TNMP_HOUSTON_005.pdf,https://www.nextvoltenergy.com/texas/electricity-plans/?cid=PTC20251002065224&mtm_source=PTC&mtm_medium=Referral
35078,Digital Choice 12,RHYTHM,TNMP,FIXED,12,16.400000000000002,16.1,16.0,0.0,,100,False,False,"Secure a 100% renewable electricity plan. | Enjoy Fair-for-All Pricing, with No Hidden Fees! | Access local Texas customer care 7 days a week. | Save on your bill with Rhythm Rewards. | Call us at 1-877-649-0441 and sign up today!",https://api.gotrhythm.com/api/pricing/offers/latest-offers-efl/16291/?locale=en,https://gotrhythm.com/?rcid=power-to-choose&utm_source=powertochoose&utm_campaign=tnmp&utm_medium=state-shopping&utm_term=DC12
35091,No Gimmicks Green 12,Budget Power,TNMP,FIXED,12,16.1,15.299999999999999,15.0,0.0,100.0,100,False,False,Promo Code PTC,https://signup.budgetpowertx.com/Home/EFL?productId=33605&Promo=,https://signup.budgetpowertx.com/Home/index?ProductCode=RN12000514&Promo=PTC
35162,OctopusFlex,Octopus Energy,TNMP,FIXED,12,21.6,20.8,20.4,0.0,150.0,100,False,True,"Octopus Flex is a 100% renewable time-of-use electricity plan that rewards you with lower rates for using energy during off-peak hours (10 PM–6 AM). You’ll save even more during spring and fall, when energy is cleaner and cheaper. Shift your usage, like running appliances or charging your EV at night, and enjoy big savings while supporting a greener grid.",https://octopusenergy.com/efl?id=373&service-provider=TNMP&load-zone=LZ_WEST&lang=en,https://octopusenergy.com/affiliate/ptc
35191,SFE RewardsPlus - 12,SFE ENERGY TEXAS INC,TNMP,FIXED,12,19.1,17.7,17.0,0.0,175.0,35,False,False,"Enjoy peace of mind and predictable pricing with the SFE RewardsPlus Plan - a simple, stable electricity plan designed with you in mind. Each month, you’ll receive $50 in reward dollars to spend on local deals, dining, entertainment, online shopping, gift cards, and more*. Plus, after 60 days of continuous service, you can call us and request your 4 free LED bulbs*. It’s a plan that rewards you every step of the way. *Reward dollars and LED bulb offers are subject to terms and conditions.",https://empowerdocs.blob.core.windows.net/efldocuments/_2516380517372835403_EFL_SFE%20Residential%20Fixed%20TNMP%2012English.pdf,https://www.sfeenergy.com/texas/
35192,SFE RewardsPlus - 24,SFE ENERGY TEXAS INC,TNMP,FIXED,24,19.5,18.099999999999998,17.4,0.0,175.0,35,False,False,"Enjoy peace of mind and predictable pricing with the SFE RewardsPlus Plan - a simple, stable electricity plan designed with you in mind. Each month, you’ll receive $50 in reward dollars to spend on local deals, dining, entertainment, online shopping, gift cards, and more*. Plus, after 60 days of continuous service, you can call us and request your 4 free LED bulbs*. It’s a plan that rewards you every step of the way. *Reward dollars and LED bulb offers are subject to terms and conditions.",https://empowerdocs.blob.core.windows.net/efldocuments/_2516380517437249028_EFL_SFE%20Residential%20Fixed%20TNMP%2024English.pdf,https://www.sfeenergy.com/texas/
35193,SFE RewardsPlus - 36,SFE ENERGY TEXAS INC,TNMP,FIXED,36,19.5,18.099999999999998,17.4,0.0,175.0,35,False,False,"Enjoy peace of mind and predictable pricing with the SFE RewardsPlus Plan - a simple, stable electricity plan designed with you in mind. Each month, you’ll receive $50 in reward dollars to spend on local deals, dining, entertainment, online shopping, gift cards, and more*. Plus, after 60 days of continuous service, you can call us and request your 4 free LED bulbs*. It’s a plan that rewards you every step of the way. *Reward dollars and LED bulb offers are subject to terms and conditions.",https://empowerdocs.blob.core.windows.net/efldocuments/_2516380517629644620_EFL_SFE%20Residential%20Fixed%20TNMP%2036English.pdf,https://www.sfeenergy.com/texas/
35291,The Lone Saver 12,Energy Texas,TNMP,FIXED,12,22.7,12.4,17.2,0.0,,100,False,False,"Straightforward, no B.S. fixed-rate plans built by Texans, for Texans. | Call us at 1-888-512-0330 and sign up today!",https://api.gotrhythm.com/api/pricing/offers/latest-offers-efl/17001/?locale=en,https://www.energytexas.com/?rcid=power-to-choose&utm_source=powertochoose&utm_campaign=tnmp&utm_medium=state-shopping&utm_term=LS12
35281,Rhythm Saver 12,RHYTHM,TNMP,FIXED,12,22.7,12.4,17.2,0.0,,100,False,False,"Secure a 100% renewable electricity plan. | Enjoy Fair-for-All Pricing, with No Hidden Fees! | Access local Texas customer care 7 days a week. | Save on your bill with Rhythm Rewards. | Call us at 1-877-649-0441 and sign up today!",https://api.gotrhythm.com/api/pricing/offers/latest-offers-efl/16846/?locale=en,https://gotrhythm.com/?rcid=power-to-choose&utm_source=powertochoose&utm_campaign=tnmp&utm_medium=state-shopping&utm_term=RS12
35311,Clean Energy 12,Abundance Energy,TNMP,FIXED,12,18.3,17.0,16.400000000000002,0.0,150.0,100,False,False,Go to Abundance Energy website to see all plans and term lengths.,https://api.quextenergy.onproton.io/enrollment/document?template_bucket=abundance-product-templates&template_file=tx/CleanEnergy_EFL.docx&rate_id=9878,https://join.abundanceenergy.com/?promoCode=PTC
35521,Straight Forward 6,Abundance Energy,TNMP,FIXED,6,15.8,14.499999999999998,13.900000000000002,0.0,150.0,25,False,False,Go to Abundance Energy website to see all plans and term lengths.,https://api.quextenergy.onproton.io/enrollment/document?template_bucket=abundance-product-templates&template_file=tx/Straightforward_EFL.docx&rate_id=10037,https://join.abundanceenergy.com/?promoCode=PTC
35549,Bright Nights 4,CHARIOT ENERGY,TNMP,FIXED,4,14.499999999999998,12.7,11.799999999999999,0.0,,100,False,True,"Sign-up today and receive regret-free 100% clean renewable energy at prices competitive to traditional power. We’re committed to providing our customers transparency, simplicity and clean energy backed by world class customer experience.• This product requires Autopay & E-bill set up.",https://signup.chariotenergy.com//Home/EFl?productId=41645,https://signup.chariotenergy.com//Home/index?ProductCode=RNR04000095&Promo=GqAtunAVIGY=
35594,Digital Choice 8,RHYTHM,TNMP,FIXED,8,17.1,16.8,16.7,0.0,,100,False,False,"Secure a 100% renewable electricity plan. | Enjoy Fair-for-All Pricing, with No Hidden Fees! | Access local Texas customer care 7 days a week. | Save on your bill with Rhythm Rewards. | Call us at 1-877-649-0441 and sign up today!",https://api.gotrhythm.com/api/pricing/offers/latest-offers-efl/18477/?locale=en,https://gotrhythm.com/?rcid=power-to-choose&utm_source=powertochoose&utm_campaign=tnmp&utm_medium=state-shopping&utm_term=DC8
35600,Digital Choice 4,RHYTHM,TNMP,FIXED,4,13.8,13.5,13.3,0.0,,100,False,False,"Secure a 100% renewable electricity plan. | Enjoy Fair-for-All Pricing, with No Hidden Fees! | Access local Texas customer care 7 days a week. | Save on your bill with Rhythm Rewards. | Call us at 1-877-649-0441 and sign up today!",https://api.gotrhythm.com/api/pricing/offers/latest-offers-efl/18393/?locale=en,https://gotrhythm.com/?rcid=power-to-choose&utm_source=powertochoose&utm_campaign=tnmp&utm_medium=state-shopping&utm_term=DC4
35620,Daisy 4,BKV Energy,TNMP,FIXED,4,14.499999999999998,13.700000000000001,13.3,0.0,,29,False,False,"Simple and affordable fixed-rate electricity with no hidden fees like base charges, usage fees, setup fees, or bundle fees. Plus, no gimmicks or confusing fine print. This plan is for new customers only who enroll through the Power To Choose website. Sign up today!",https://enroll.bkvenergy.com/Home/EFL?productCode=RN00085571&promo=&term=4,https://enroll.bkvenergy.com/?promo=PTCALL0001
35622,Straight Forward 3,Abundance Energy,TNMP,FIXED,3,15.2,13.900000000000002,13.200000000000001,0.0,150.0,25,False,False,Go to Abundance Energy website to see all plans and term lengths.,https://api.quextenergy.onproton.io/enrollment/document?template_bucket=abundance-product-templates&template_file=tx/Straightforward_EFL.docx&rate_id=10061,https://join.abundanceenergy.com/?promoCode=PTC
35606,No Bull 4,Energy Texas,TNMP,FIXED,4,13.8,13.5,13.3,0.0,,100,False,False,"Straightforward, no B.S. fixed-rate plans built by Texans, for Texans. | Call us at 1-888-512-0330 and sign up today!",https://api.energytexas.com/api/pricing/offers/latest-offers-efl/18287/?locale=en,https://www.energytexas.com/?rcid=power-to-choose&utm_source=powertochoose&utm_campaign=tnmp&utm_medium=state-shopping&utm_term=NB4
35612,No Bull 8,Energy Texas,TNMP,FIXED,8,17.1,16.8,16.7,0.0,,100,False,False,"Straightforward, no B.S. fixed-rate plans built by Texans, for Texans. | Call us at 1-888-512-0330 and sign up today!",https://api.energytexas.com/api/pricing/offers/latest-offers-efl/18467/?locale=en,https://www.energytexas.com/?rcid=power-to-choose&utm_source=powertochoose&utm_campaign=tnmp&utm_medium=state-shopping&utm_term=NB8
35660,Smart Secure 6,AE TEXAS,TNMP,FIXED,6,15.299999999999999,14.499999999999998,14.099999999999998,0.0,,35,False,False,"Experience peace of mind with our Smarter Secure plan, offering a fixed energy rate and transparent TDU charges passed through with NO MARKUP. No hidden fees, minimum usage, or gimmicks.",https://enroll.aetexasco.com/EmailHTML/efl.aspx?RateID=1919&BrandID=1&PromoCodeID=114,https://enroll.aetexasco.com/Enrollment/Default.aspx?&promoCode=AETXPTC1
35691,Octopus Lite 12,Octopus Energy,TNMP,FIXED,12,30.8,17.599999999999998,23.400000000000002,0.0,150.0,100,False,False,"A simple 12-month fixed-rate plan designed for lighter energy users. Use 1,000 kWh or more in a billing cycle and you’ll automatically get a $100 usage credit toward your bill. No base charges, 100% renewable power, and transparent pricing. Early termination fee applies.",https://octopusenergy.com/efl?id=406&service-provider=TNMP&load-zone=LZ_WEST&lang=en,https://octopusenergy.com/affiliate/ptc
35679,Octo Green 10,Octopus Energy,TNMP,FIXED,10,21.9,21.2,20.8,0.0,150.0,100,False,False,Unlock our 10-month fixed-rate plan with 100% renewable electricity. Enjoy price stability and a shorter commitment.,https://octopusenergy.com/efl?id=439&service-provider=TNMP&load-zone=LZ_WEST&lang=en,https://octopusenergy.com/affiliate/ptc
35671,Bright Nights 18,CHARIOT ENERGY,TNMP,FIXED,18,16.7,14.899999999999999,14.000000000000002,0.0,,100,False,True,"Sign-up today and receive regret-free 100% clean renewable energy at prices competitive to traditional power. We’re committed to providing our customers transparency, simplicity and clean energy backed by world class customer experience.• This product requires Autopay & E-bill set up.",https://signup.chariotenergy.com//Home/EFl?productId=41636,https://signup.chariotenergy.com//Home/index?ProductCode=RRT18001320&Promo=GqAtunAVIGY=
35725,Octo Simple 6,Octopus Energy LLC,TNMP,FIXED,6,21.099999999999998,20.3,19.900000000000002,0.0,150.0,100,False,False,"Lock in a simple, steady electricity rate for six months. With this short-term fixed plan, you get protection from price swings and no hidden fees or surprises on your bill. 100% renewable energy included, backed by Octopus Energy’s award-winning customer service.",https://octopusenergy.com/efl?id=505&service-provider=TNMP&load-zone=LZ_WEST&lang=en,https://octopusenergy.com/affiliate/ptc
35737,Octo Simple 8,Octopus Energy LLC,TNMP,FIXED,8,21.2,20.4,20.0,0.0,150.0,100,False,False,Lock in a fixed electricity rate for 8 months with 100% renewable power. Enjoy stability through the seasons with no hidden fees or surprises on your bill — backed by Octopus Energy’s award-winning customer service.,https://octopusenergy.com/efl?id=473&service-provider=TNMP&load-zone=LZ_WEST&lang=en,https://octopusenergy.com/affiliate/ptc
35769,Companion + Perks 12,Companion Energy,TNMP,FIXED,12,16.1,15.299999999999999,14.899999999999999,0.0,150.0,30,False,False,"FREE Pet Benefits! | Companion Energy customers get 24/7 Airvet virtual vet service (a $420/year value) and 25% off in-person vet visits at participating in-network vet clinics, FREE with every Companion Energy electricity plan. | This offer is for new customers only who enroll through the Power to Choose website.",https://eflviewer.companionenergy.com/eflviewer.aspx?lang=EN&prodcode=CEPERK12&tdspcode=TNMP,https://newenroll.companionenergy.com/?refid=PTCPERKS12&ul=1000&tdsp=TNMP&utm_source=power_to_choose&utm_medium=referral&utm_campaign=PTC-PTCPERKS12&utm_content=TNMP&utm_term=additional_info
35803,Free Nights 6,CleanSky Energy,TNMP,FIXED,6,16.900000000000002,16.1,15.7,0.0,100.0,100,False,True,This plan is for new customers only. Autopay is required. Please enroll through the PowertoChoose sign up link. Have a question about a plan or need help placing an order? Call us: 1-888-733-5557 | Email us: CustomerCare@CleanSkyEnergy.com,https://rates.titangasandpower.com/Frontend/DownloadDoc?path=b581ef76-b4a1-4374-9c74-d6cc57c10b85.html&id_plan=550611,https://signup.cleanskyenergy.com/rates?utility_id=116&promocode=PTCHOOSETX
35863,Octo Simple 18,Octopus Energy,TNMP,FIXED,18,20.9,20.1,19.7,0.0,200.0,100,False,False,"Lock in a fixed electricity rate for 18 months with 100% renewable power. Enjoy long-term stability and protection from market ups and downs — with no hidden fees, no surprises, and the friendly, award-winning customer service Octopus Energy is known for.",http://octopusenergy.com/efl?id=538&service-provider=TNMP&load-zone=LZ_WEST&lang=en,https://octopusenergy.com/affiliate/ptc
35827,Digital Choice 36,RHYTHM,TNMP,FIXED,36,16.900000000000002,16.6,16.400000000000002,0.0,,100,False,False,"Secure a 100% renewable electricity plan. | Enjoy Fair-for-All Pricing, with No Hidden Fees! | Access local Texas customer care 7 days a week. | Save on your bill with Rhythm Rewards. | Call us at 1-877-649-0441 and sign up today!",https://api.energytexas.com/api/pricing/offers/latest-offers-efl/18915/?locale=en,https://gotrhythm.com/?rcid=power-to-choose&utm_source=powertochoose&utm_campaign=tnmp&utm_medium=state-shopping&utm_term=DC36
35876,Frontier Power Saver Plus 12,FRONTIER UTILITIES,TNMP,FIXED,12,16.7,15.4,14.799999999999999,0.0,150.0,30,False,False,This offer is for new customers only who enroll through the Power to Choose website.,https://eflviewer.frontierutilities.com/eflviewer.aspx?lang=EN&prodcode=FPOWSVRPLS12&tdspcode=TNMP,https://newenroll.frontierutilities.com/?refid=PTCFPSPLS12&ul=1000&tdsp=TNMP
35904,Daisy 6,BKV Energy,TNMP,FIXED,6,15.0,14.2,13.8,0.0,,29,False,False,"Simple and affordable fixed-rate electricity with no hidden fees like base charges, usage fees, setup fees, or bundle fees. Plus, no gimmicks or confusing fine print. This plan is for new customers only who enroll through the Power To Choose website. Sign up today!",https://enroll.bkvenergy.com/Home/EFL?productCode=RN00085561&promo=&term=6,https://enroll.bkvenergy.com/?promo=PTCALL0001
35888,Frontier Power Saver Plus 6,FRONTIER UTILITIES,TNMP,FIXED,6,14.399999999999999,13.100000000000001,12.5,0.0,150.0,30,False,False,This offer is for new customers only who enroll through the Power to Choose website.,https://eflviewer.frontierutilities.com/eflviewer.aspx?lang=EN&prodcode=FPOWSVRPLS6&tdspcode=TNMP,https://newenroll.frontierutilities.com/?refid=PTCFPSPLS06&ul=1000&tdsp=TNMP
35912,Gexa Eco Choice 6,GEXA ENERGY,TNMP,FIXED,6,14.099999999999998,13.3,12.9,0.0,150.0,100,False,False,Lock in a great fixed rate plan. |Free online bill pay and automatic billing options are also available. |This offer is for customers who enroll through the Power to Choose website.,https://eflviewer.gexaenergy.com/eflviewer.aspx?lang=EN&prodcode=GXAECOCHI6&tdspcode=TNMP,https://newenroll.gexaenergy.com/?refid=PTC_EcoChoice06&ul=1000&tdsp=TNMP
35936,Companion + Perks 6,Companion Energy,TNMP,FIXED,6,13.8,13.0,12.6,0.0,150.0,30,False,False,"FREE Pet Benefits! | Companion Energy customers get 24/7 Airvet virtual vet service (a $420/year value) and 25% off in-person vet visits at participating in-network vet clinics, FREE with every Companion Energy electricity plan. | This offer is for new customers only who enroll through the Power to Choose website.",https://eflviewer.companionenergy.com/eflviewer.aspx?lang=EN&prodcode=CEPERK6&tdspcode=TNMP,https://newenroll.companionenergy.com/?refid=PTCPERKS06&ul=1000&tdsp=TNMP&utm_source=power_to_choose&utm_medium=referral&utm_campaign=PTC-PTCPERKS06&utm_content=TNMP&utm_term=additional_info
35964,Choose 12,Texans Choice Power LLC,TNMP,FIXED,12,18.3,17.5,17.1,0.0,100.0,35,False,False,,https://signup.texanschoicepower.com/getdocument/?getproductpdf=1&productid=153809&type=EFL&title=153809_EFL&language=english,https://signup.texanschoicepower.com/?PromoCode=PTC
35981,Texas Instant 12,Texans Choice Power LLC,TNMP,FIXED,12,36.0,18.0,16.0,0.0,200.0,35,False,False,,https://signup.texanschoicepower.com/getdocument/?getproductpdf=1&productid=153831&type=EFL_TIEREDPRICING&title=153831_EFL_TIEREDPRICING&language=english,https://signup.texanschoicepower.com/?PromoCode=PTC
36009,Think Simple With Smart Thermostat 5,Think Energy,TNMP,FIXED,5,14.6,14.299999999999999,14.099999999999998,0.0,200.0,25,False,False,"Connected Thermostat Required, see EFL and Terms of Service for Details",https://thinkenergytx-tmp.s3.us-west-2.amazonaws.com/enrollment-documents/58401222-c38f-46d5-ab6d-e3a1ecf38581.pdf,https://www.thinkenergy.com/
35992,Choose 6,Texans Choice Power LLC,TNMP,FIXED,6,16.5,15.7,15.299999999999999,0.0,100.0,35,False,False,,https://signup.texanschoicepower.com/getdocument/?getproductpdf=1&productid=153839&type=EFL&title=153839_EFL&language=english,https://signup.texanschoicepower.com/?PromoCode=PTC
36017,Free Nights 12,Texans Choice Power LLC,TNMP,FIXED,12,20.580000000000002,19.8,19.41,0.0,100.0,35,False,True,,https://signup.texanschoicepower.com/getdocument/?getproductpdf=1&productid=153864&type=EFL_TIMEOFUSE&title=153864_EFL_TIMEOFUSE&language=english,https://signup.texanschoicepower.com/?PromoCode=PTC
36024,Stability Fixed 24,NEXTVOLT TEXAS LLC,TNMP,FIXED,24,17.2,16.400000000000002,16.0,0.0,149.0,6,False,False,,https://myaccountpage.nextvoltenergy.com/docs/efls/output/20260106_1_SF24-2_TNMP_HOUSTON_005.pdf,https://www.nextvoltenergy.com/texas/electricity-plans/?cid=PTC20251002065224&mtm_source=PTC&mtm_medium=Referral
